41 53 -58 -72 -23 -14 -77 -64 1 -66 -80 66 24 81 -100 22 1 50 51 -76 81 50 -7 39 59 27 -91 87 -2 -56 -32 28 14 26 -94 15 96 -4 -82 -80 46 100 97 38 39 70 -68 1 3 -52 -39 -94 74 -49 92 19 71 80 73 -24 -24 -87 48 15 4 60 -38 -97 90 -42 -71 -9 40 57 -30 60 34 18 -49 -81 -4 -17 -7 58 73 66 59 -14 32 100 0 30 56 -47 15 -79 -65 27 44 -78 
-38 38 -99 -2 -48 -51 2 66 51 -69 4 1 13 59 50 4 -66 50 -39 75 31 9 -70 -74 -29 -70 47 37 -18 -53 -45 84 -79 -41 100 -49 64 -96 55 -5 -20 5 55 -86 -92 -59 24 -88 -34 -15 37 -5 -10 34 -82 -9 81 -51 -22 -38 65 -74 44 55 -33 -33 -53 25 -79 -62 90 -56 -72 -17 -51 21 34 -8 7 11 17 -8 -78 9 -62 -25 -39 -70 -4 41 -68 17 90 50 -32 17 -23 4 3 13 
-26 -19 -99 -100 -9 2 90 -55 -42 -43 -50 -22 -66 31 -5 -65 -37 -79 100 -28 76 -32 68 -10 -56 -34 -50 60 -87 17 -56 -14 -63 81 -59 67 -58 23 -86 -8 -47 -28 -91 -69 -98 89 -33 35 60 -97 63 -92 17 -45 -65 -5 -85 1 49 -15 46 -82 85 17 80 2 -64 -56 60 50 -46 16 64 -55 -13 -8 38 -57 -24 64 16 86 -64 97 -20 77 69 -25 88 62 -98 -60 73 -19 22 85 16 73 -56 24 
87 39 50 -87 -2 50 -98 -95 -20 -49 97 -68 61 -68 39 57 -1 38 -16 85 -98 -9 11 49 88 25 87 -39 69 68 -66 -46 -41 -39 -94 13 17 -90 -39 38 -92 89 -98 46 -96 -17 -46 -86 -6 11 -79 42 -6 -91 -40 96 -62 -74 19 -95 -58 92 55 31 -84 95 -82 37 86 -22 -70 26 12 -14 47 -13 66 -16 11 56 49 66 50 2 1 -63 2 70 96 97 -84 79 -56 -62 45 -86 -70 -38 -74 -67 
-43 -16 -17 58 50 -31 57 88 -34 -8 -70 55 -25 34 89 -73 -30 44 18 -68 -19 30 -57 -52 -28 -66 11 18 47 60 85 -69 64 46 94 67 -28 -99 -65 82 41 -81 -54 6 -73 -22 -3 73 61 34 80 99 23 13 43 90 -81 -99 -75 -78 -67 43 -20 86 53 21 22 -99 -76 -11 62 41 6 62 1 96 38 18 -85 49 -21 59 62 31 -52 -16 -96 -83 -49 -20 -77 53 2 -14 -51 -40 31 59 28 10 
-82 -38 94 45 -6 83 -34 13 15 56 86 46 -22 -57 -94 -35 -92 72 13 -41 58 38 -69 -55 83 55 57 -32 -87 58 44 7 -15 93 7 -73 -74 -34 51 -89 -45 96 35 -93 46 77 67 31 -68 93 41 75 45 -78 -86 -44 -52 -65 9 2 30 92 25 52 41 -69 81 -54 23 93 -46 78 78 -49 7 -49 -21 -84 -45 18 -94 61 56 -70 -59 79 27 -43 4 -17 -26 -28 -87 -94 84 -1 -3 21 25 34 
19 46 -39 32 -45 99 12 73 24 54 -7 -18 -65 33 -25 -72 91 -8 13 4 10 77 -19 84 -6 88 -90 -34 -59 -25 53 16 -25 -26 69 98 -29 33 -96 67 -82 -58 84 -24 -61 97 93 98 77 34 -83 -39 57 40 -99 -57 5 -28 86 75 30 90 81 -60 53 -34 -37 80 -67 -49 -10 -55 74 -85 -99 -55 -20 76 -96 -6 97 2 -24 70 87 75 78 -27 46 -63 -21 -81 85 -91 -11 -39 78 -55 81 -47 
100 76 40 20 -88 55 -99 -17 -80 6 -47 -34 -71 -56 -10 -41 57 17 7 19 -70 38 43 -58 42 -8 -90 -36 -18 -100 -46 -42 17 -62 67 -50 -1 -19 0 -5 2 -29 17 11 -39 -41 20 -69 60 -54 99 -80 21 -26 -8 79 76 1 99 -90 -94 -73 35 16 -35 23 71 -79 -81 90 93 -26 -95 32 40 65 -72 50 -25 -97 15 8 76 83 -47 50 79 7 -29 74 -17 19 -67 -8 100 -55 28 -8 -68 -86 
-26 -22 -89 -27 -91 87 36 -14 -52 -28 44 -52 -18 74 -66 64 -38 88 -25 56 -13 37 29 89 -42 -79 -82 -94 -5 -83 41 -1 -57 -27 14 -97 2 86 36 -41 80 -38 -65 -97 -8 69 28 5 -96 -43 32 89 26 -32 64 -59 65 14 -56 48 84 31 -52 -6 31 -69 -13 7 -2 69 -40 -100 32 -77 -18 95 -70 80 -77 -1 45 -22 24 79 -57 54 34 -54 10 72 28 -64 -84 70 0 49 52 -99 -31 -68 
-40 -24 1 80 -67 49 -5 88 -89 -66 88 -25 100 44 -45 -19 -12 38 -97 76 -86 68 72 -41 32 52 -21 20 -12 62 71 -19 -90 96 68 -81 93 -78 -97 -27 82 45 -17 -29 44 25 68 94 -30 50 95 -41 40 -100 67 83 -16 -29 20 33 90 37 -69 -25 19 -51 -73 -93 -6 58 -81 78 -48 -41 -5 76 30 -82 71 57 -20 82 -51 -72 -86 -93 -34 10 -22 0 -89 63 -68 -97 33 -18 95 73 -23 48 
-42 86 -33 -99 9 70 -43 70 -20 -70 -36 9 4 50 70 -18 -24 93 -40 72 -51 1 54 -21 -40 46 90 33 54 -43 73 34 99 -41 84 -4 -66 -19 -26 54 9 -3 -77 39 87 -28 -26 58 -22 22 61 -69 -91 61 -13 -6 -5 -95 13 -40 -30 24 100 -71 -60 -49 -86 -52 -39 46 -99 -85 75 -45 -7 -57 -49 -63 31 -13 -96 -13 76 -98 6 69 15 9 34 100 -37 -51 -28 13 35 -73 2 95 -17 93 
-7 97 -15 90 -39 99 76 75 -35 -63 -19 -41 -69 75 39 3 45 -38 -86 75 -46 -92 -34 -29 76 60 35 -39 -10 -68 3 97 27 40 17 -10 38 -87 29 -1 62 -38 -92 -98 23 -66 -92 -60 83 -84 -96 -44 -90 -5 -30 -85 49 -53 63 38 -32 -45 -16 -54 71 66 77 -21 81 78 98 -5 -14 34 -2 -5 -92 -37 19 -94 34 -4 22 45 45 -93 97 -86 -77 13 -5 -47 2 -82 50 65 88 -71 -64 69 
-39 -41 -10 -44 -38 39 41 -62 22 -1 50 57 -59 96 -75 73 -19 100 19 43 -66 -45 -9 -24 15 68 -31 -21 -92 -2 20 -79 -29 -45 66 30 -49 58 16 -40 -71 46 42 13 -13 70 46 -77 -26 -38 -42 45 -50 -33 100 97 43 -32 -70 64 90 -33 46 -70 88 5 100 19 -27 13 41 66 -96 7 -97 74 90 -92 75 -31 43 -37 -88 70 -72 -26 -99 63 -61 -67 16 53 -41 53 74 -58 -70 62 9 41 
59 -37 -23 86 -47 -24 95 81 78 68 -99 -100 -77 100 69 19 -83 -82 -90 99 64 -85 -26 52 91 43 26 54 -63 9 -1 -84 100 -7 -12 -95 87 85 -10 -2 -31 56 95 8 60 89 16 -85 -88 -68 -88 -1 -24 8 56 45 -49 -22 89 55 -75 55 35 60 2 14 55 34 68 26 -100 99 -55 69 -91 -30 52 -31 19 -34 -10 21 21 -73 89 -90 -23 -74 65 -63 92 -79 -41 70 -45 65 -76 -7 59 -5 
28 89 -68 35 93 -16 26 7 -93 -18 50 23 -30 -60 28 31 -65 79 -79 10 -40 15 75 40 -32 90 -77 -16 -87 -55 11 -66 -11 -75 80 49 86 97 65 -97 48 97 -54 -50 -88 -66 -81 6 31 5 71 73 -36 82 7 -8 -61 -95 69 7 49 3 51 -80 24 -33 -91 3 38 -11 22 -98 74 79 18 -26 72 22 -11 79 66 -36 8 16 39 -95 -19 -23 89 52 12 85 92 -62 83 44 36 -63 98 55 
88 -29 99 22 40 -21 76 93 -14 98 -12 57 -29 -71 10 88 11 -76 100 -78 -38 -54 54 -60 -30 71 37 16 37 -19 -80 98 18 -17 78 -66 -23 -99 69 -2 -11 -87 -13 45 -48 -81 -2 16 -42 34 -37 5 0 -86 9 -37 74 36 51 31 73 50 -6 36 89 -25 -68 46 -48 13 10 -91 47 73 -50 -68 -100 54 11 -54 -77 61 46 35 15 30 -66 47 17 -71 61 79 -53 -74 45 22 72 82 -72 -40 
-20 80 11 89 -62 23 45 91 44 -60 11 -41 -56 43 54 -84 -43 53 3 -79 46 75 73 -5 -18 -83 87 81 -73 40 77 -97 -47 96 91 58 12 -44 -65 -94 74 -61 -35 88 64 39 92 28 -15 10 -40 -13 -4 37 76 -53 76 -78 -46 40 -5 -19 94 -14 100 90 53 44 -8 -74 64 96 -7 42 96 -34 10 98 4 56 -84 39 28 89 -33 49 88 9 -17 98 -86 52 -96 1 57 93 52 11 90 75 
-54 -85 -67 -38 -52 10 95 14 25 -66 51 92 72 19 96 52 -66 7 85 -45 79 -87 16 -58 -39 -75 83 37 47 31 -79 81 69 -41 -58 -64 83 33 32 -78 26 20 -25 66 19 5 -88 37 88 28 29 -5 -6 -19 100 -87 24 -49 25 76 23 70 45 55 -67 -60 -71 -25 -10 62 -20 1 -66 -70 55 -8 -30 76 -11 -69 -28 71 15 -67 24 -15 90 73 -44 20 -28 84 78 14 -21 72 48 -98 -15 15 
27 84 49 56 -17 -99 86 -25 -39 63 45 -45 72 -60 -56 29 -1 38 -48 -69 82 34 8 -76 -16 -73 -87 -16 95 6 54 26 -22 -77 88 98 34 -24 77 32 17 -82 32 -9 35 -78 86 -91 -34 1 -76 -89 -33 -34 -59 -100 28 -53 -9 62 80 76 -58 44 -50 63 -78 -70 -50 36 -5 28 -16 -6 -76 78 -8 -38 40 44 37 85 59 39 -72 55 -25 -39 -49 -84 15 -80 -84 21 55 -71 -9 86 -6 96 
-47 56 -54 -64 89 5 54 -100 68 -83 -6 -96 -75 69 -75 24 -90 100 -35 -29 27 7 -58 -96 4 -39 38 60 35 -45 -71 88 59 -45 -67 -26 -89 100 -73 -81 -58 14 -59 -22 39 82 71 91 58 23 28 95 -53 76 -91 -56 57 54 19 -32 89 48 -48 -64 66 -56 -79 -74 -76 -24 62 -89 -49 55 77 -13 -59 -8 -23 63 7 87 35 54 -65 80 58 25 -69 88 -40 85 -44 80 26 -53 -62 -48 4 -15 
-50 75 97 61 40 78 -9 27 -25 43 -84 -6 14 -83 26 -46 16 -56 -23 -3 -42 38 43 19 29 60 -10 -63 -93 -31 -28 81 -40 -2 19 53 -58 -31 6 -92 35 -56 61 88 44 -62 -58 76 -19 66 -1 95 -64 94 58 15 -16 -60 60 -99 52 -50 61 36 23 -72 35 -24 92 -27 58 85 -39 68 58 50 18 44 -3 -28 2 -20 48 93 -61 -70 7 -99 69 86 5 79 30 46 74 -78 85 -86 -76 32 
-7 4 48 -43 -74 11 60 14 -64 -31 59 42 -88 65 66 -93 49 24 51 46 -58 77 68 -98 30 1 -36 5 -98 -95 -83 84 -74 20 16 -59 -85 75 46 27 66 -23 50 56 -64 -39 -49 55 -26 -91 7 -72 -55 34 -95 -4 77 -6 9 66 37 42 -56 13 38 -53 64 -91 17 33 -88 48 42 74 -33 -97 30 -54 -11 97 -94 74 62 -44 -4 -28 -50 89 50 -32 98 56 54 20 3 65 15 -43 -24 -93 
-52 -71 -95 -31 13 -1 -15 -74 43 -83 52 -10 50 22 -7 45 27 4 43 5 -98 -2 80 -81 20 80 93 1 12 49 38 89 -66 -19 -1 -29 43 31 -77 89 19 -80 99 -90 -4 74 -14 68 -63 -44 77 -100 58 31 66 -50 -32 -59 -45 -68 48 94 62 -85 36 -91 -34 61 88 88 -19 -83 26 -18 -76 46 -44 -7 1 -84 -47 -52 -91 -83 -10 -24 9 -96 -19 29 -28 45 -63 -58 73 -82 -13 4 27 -13 
-37 -77 13 -77 -78 44 42 -30 -72 35 -95 43 -5 89 99 -76 38 -20 28 -3 -98 -40 -26 14 40 62 -13 -23 -37 23 50 14 30 16 -99 -70 -7 13 -100 8 65 26 -14 31 -49 -42 -12 -40 98 -80 -82 -43 -18 -37 -13 54 -45 46 -41 71 -75 -3 -80 -66 -87 62 -80 -62 85 -57 -62 37 -44 25 50 52 -89 -61 -15 86 -88 -3 53 24 -74 32 10 -62 -98 15 -16 -71 60 82 -100 -100 62 63 -82 66 
-100 -23 -58 30 -45 1 4 8 -99 34 83 -33 48 24 -84 -65 -47 -67 20 90 -51 95 49 48 19 -20 -72 -85 -73 -30 -72 -88 59 -34 -6 -9 100 21 21 73 78 62 -86 3 17 79 79 85 6 -49 8 -43 -42 -36 15 87 85 38 6 12 95 30 2 91 -22 -99 73 -23 -8 0 62 42 -55 -66 96 100 68 -99 51 81 90 -99 -28 10 -73 -70 -21 94 57 -44 48 -15 -61 -10 -8 64 44 -60 -82 97 
-84 -63 -11 36 -88 74 53 -86 83 37 -36 14 -63 -16 -97 -2 55 34 -34 1 8 -49 -98 90 -63 -15 -43 80 75 61 9 -54 -18 -75 16 -79 96 -55 85 -4 54 37 48 100 -13 55 5 64 -49 21 -15 52 81 -20 -69 50 -11 -68 31 58 82 -7 -9 -49 -62 -56 -82 -3 -9 -40 -27 -18 -4 -83 95 51 -15 -55 -66 81 -59 -60 -60 46 91 -30 -88 74 5 -24 -88 -30 -35 54 95 33 -19 66 -98 14 
53 6 40 5 67 14 -29 -46 83 79 91 65 68 56 -64 -65 83 47 86 -30 85 2 -87 -15 87 -78 -79 57 1 15 63 -1 95 -29 5 12 81 -9 23 74 69 1 -43 92 21 -61 3 -98 65 32 -59 -95 82 -55 90 10 32 24 -30 -15 8 -58 74 17 16 -85 -34 99 72 93 15 67 -69 -15 -21 7 -41 44 -96 -27 -33 96 -53 -74 -99 36 -5 -44 -4 -33 98 22 25 55 12 41 -37 -54 -95 -18 
-90 -43 -68 27 53 4 -56 -76 -86 -69 61 -57 -4 100 9 -77 92 100 -81 -20 10 25 65 96 40 34 85 -48 43 -40 -19 -45 74 -42 17 46 53 84 -16 84 -1 51 31 -53 -83 37 38 -66 -97 74 -24 -38 -14 -4 74 -49 34 -20 -2 -82 -56 59 -29 63 62 -24 -53 -63 19 94 -54 -45 -4 -10 -78 -49 38 -49 -55 -44 -72 -32 69 50 -4 -50 82 59 -33 -61 81 -87 28 -29 50 80 -48 100 9 -45 
58 -8 60 -15 -68 -8 -20 -87 75 32 55 90 -73 5 64 94 91 54 25 -77 87 50 53 -59 -100 70 -2 80 -61 67 -5 -87 29 45 86 49 6 6 -6 48 -18 -69 -44 99 79 -98 29 13 -82 18 -8 -72 -6 -12 43 87 67 -86 -3 77 51 -78 -97 -21 62 27 -90 32 68 -38 -28 -9 54 -80 -7 65 -47 -70 23 -6 71 -42 79 -45 -72 -51 51 -79 20 -85 81 -95 -41 -98 68 -44 -33 72 79 91 
-44 67 -3 25 91 67 86 -80 44 5 -60 -34 -57 -87 56 33 18 -75 16 -38 -33 92 36 85 61 40 83 73 65 -31 71 -74 -27 -31 7 -8 -85 18 -17 41 -16 -17 -19 -17 68 51 -29 78 72 56 32 -61 -23 75 -19 -84 16 9 54 -75 9 45 37 -63 -83 5 37 42 91 88 -79 -32 70 -44 -59 -73 -29 80 36 9 65 52 -74 42 85 -24 37 -83 20 -86 -40 -49 70 -22 5 -59 57 -57 73 56 
93 99 61 -50 -70 98 -73 -16 -4 -29 59 -42 24 -33 -56 6 40 -20 -10 56 67 33 80 25 2 76 16 -70 94 -55 -24 -67 -14 -87 -60 -74 94 -54 100 63 81 -99 -84 22 55 67 55 -81 66 26 31 -57 -97 13 -36 -81 22 92 29 -49 -81 -97 68 47 43 1 75 70 89 60 35 90 84 -89 -69 69 45 -88 21 36 71 -75 60 -18 26 -88 -43 -98 -6 66 87 -17 41 94 17 -9 53 -83 15 90 
-68 47 -89 87 -57 -74 -13 -2 -71 35 -33 50 -26 70 -74 -48 -12 3 85 74 88 54 -62 -13 -59 73 100 11 -45 97 -48 -22 -65 7 -15 -84 52 6 -98 64 -7 49 -30 -81 14 -68 40 -25 29 -91 -13 45 89 -43 -12 73 -89 -79 99 36 36 67 65 -43 -45 17 -85 77 32 -46 98 72 -23 -75 -46 -42 29 25 -9 -36 26 -20 32 99 85 -56 -83 -2 65 98 32 10 -67 -16 -87 -77 99 -37 -66 29 
15 67 31 -76 77 -79 25 -62 -14 94 0 -59 -10 59 -12 12 100 -91 -19 -22 -24 8 40 5 62 -31 -38 62 11 23 77 52 -7 88 36 -30 36 -37 67 -87 83 26 5 51 38 52 91 75 33 -10 -58 41 25 -89 -20 2 -23 81 -71 15 -92 -52 61 74 36 -63 45 -21 -4 15 -3 35 -55 -46 50 -39 -43 84 21 30 38 53 72 87 100 -100 13 43 51 -58 20 38 27 98 -1 81 23 -20 56 84 
-96 99 -84 -2 54 49 -17 -77 -21 -52 -96 -10 -45 -11 51 58 -1 -70 85 23 98 73 -47 -31 85 -80 50 59 37 68 83 77 -79 -50 48 -44 16 -40 -41 80 52 89 3 5 89 26 41 87 71 97 -85 -96 10 13 -22 75 -25 60 -82 30 -22 87 -29 47 -49 89 44 90 20 -36 -82 40 -65 63 -48 55 30 45 35 -59 7 -63 -31 17 -70 -95 -68 -68 -58 94 43 -78 -23 4 -57 -17 -34 -41 71 -82 
-87 -80 33 17 -16 -59 -34 -25 0 -99 42 96 100 47 -34 -51 -26 -61 -65 8 76 99 -91 -26 39 5 62 8 -38 55 2 55 63 46 -76 -97 24 -43 -81 -76 -57 9 11 55 99 86 -79 -79 4 43 -34 -92 44 -4 -40 -19 -77 -38 44 75 -31 -95 63 32 85 -25 -72 41 -74 46 -56 0 -59 -37 -19 93 -51 19 30 81 -47 -89 1 55 -36 91 -58 -80 87 12 14 -32 51 -12 25 -100 18 22 36 96 
-80 75 -92 35 69 -9 52 7 75 12 76 65 -35 -49 87 76 -8 -79 15 39 22 49 -92 -32 -51 -95 28 29 82 17 48 -50 35 -49 51 -23 -56 -18 10 34 78 -46 -19 29 83 -99 -61 45 -61 94 -23 -54 -30 67 54 4 -19 31 65 6 -25 -93 100 -90 7 -29 -85 7 -9 42 87 84 99 -44 50 -63 -92 -67 -47 41 17 -6 -20 3 -10 -40 -9 -48 -49 -43 -16 79 58 63 76 87 51 44 19 0 
26 -90 -95 -8 33 21 -58 45 -80 -68 22 21 -63 49 88 -11 -30 26 -17 97 -91 -11 -38 85 -64 -63 31 -29 -1 9 -53 -21 -96 -53 -40 80 97 -94 -16 -77 6 -96 -47 -7 -4 59 -5 95 -92 9 -71 3 98 84 -50 14 80 -67 -27 19 -42 -1 -82 -18 63 -71 70 16 66 -21 -4 -64 75 84 24 -7 0 20 -71 -36 95 -46 -51 -63 -11 63 -59 21 89 53 66 72 -11 95 11 80 25 -66 -8 89 
99 75 -64 -82 -98 -2 -57 -82 4 -62 83 -76 81 -52 95 -100 -84 -71 8 80 10 93 -96 12 -86 -4 -94 79 -96 66 -23 -16 -74 56 9 -43 43 -90 -19 -48 -9 -40 55 -92 -5 -49 -68 -9 67 -78 73 -88 -87 -31 -23 -52 46 -86 -32 -47 83 -9 32 15 -8 -43 -29 52 -32 32 61 84 -79 -19 22 100 -16 46 53 -63 -65 -45 -85 33 -94 -82 22 -17 -77 22 -92 -40 -1 73 -98 -10 -77 -39 90 -34 
-58 24 -67 -94 83 42 53 19 -61 -11 25 60 -48 -74 95 -79 -35 68 -86 90 -85 -83 -38 83 -74 -55 -55 -42 -91 -31 25 46 79 19 -45 22 -9 -13 28 10 77 -73 51 11 -18 -12 11 70 66 100 48 83 47 3 -35 66 43 26 -91 49 -100 2 -33 -22 5 0 88 84 97 -59 -59 73 -11 9 88 -59 -87 46 -8 -58 7 12 -5 -58 -75 7 46 83 -43 -60 89 -97 51 46 78 52 94 -72 -35 19 
83 61 53 -78 63 43 32 20 51 -92 14 -87 91 -76 46 -46 -29 54 22 -82 -86 36 46 3 -26 -49 -74 86 -81 40 -83 -28 -97 -50 -83 65 62 -9 26 -63 97 -10 -13 52 62 16 39 -57 2 89 -70 5 -62 -2 -63 44 15 8 84 -75 -11 74 -50 34 -86 -53 -67 76 27 -70 -46 78 14 -20 -91 -2 -49 -97 64 -77 52 13 -58 -49 32 -81 1 -94 20 96 84 44 81 -1 -8 64 28 77 42 32 
89 -8 12 52 -14 -39 -86 63 -64 96 -34 -53 -80 89 12 -44 -91 88 54 -21 -19 8 -6 3 99 63 -29 -30 64 28 23 20 -65 -79 39 -68 -27 79 -53 22 31 70 -26 -39 -6 70 52 17 43 97 14 82 -42 -14 20 82 82 85 33 -3 38 -6 8 20 -28 6 45 12 -8 7 51 -62 18 -98 72 -18 -73 7 59 -31 61 2 -52 -65 44 -21 -62 96 -50 -19 -11 59 -35 -19 48 11 56 -91 -9 -42 
-90 -39 59 -22 58 -15 47 95 28 -61 -84 99 75 -29 28 -43 -8 35 -13 24 -52 42 61 16 -28 -77 68 26 -20 47 83 80 36 -30 98 32 81 -63 -2 84 -99 -60 -89 -30 24 10 38 16 -16 59 24 66 -27 -39 -45 -62 0 0 40 -94 64 -27 -61 78 9 -64 -73 -56 -90 -65 31 -40 94 -49 29 80 28 75 12 56 97 57 81 -15 -94 45 91 -100 37 37 13 97 -25 -61 13 85 -41 75 55 -46 
-77 21 27 57 -93 4 -7 53 -72 -78 83 40 75 -100 -13 17 -69 -3 -23 9 9 67 61 87 84 94 -36 70 85 -15 -17 28 60 -58 -7 -64 99 61 -65 -89 -5 29 10 -49 9 70 -57 30 -66 4 32 80 -42 10 38 78 -68 -32 -24 66 67 -92 -8 27 82 -9 57 -38 -39 -30 -59 -80 -50 -54 -6 -75 21 -52 93 -68 12 90 -8 -89 27 28 -96 12 -81 -75 -85 5 36 8 66 18 16 -37 65 92 
50 -39 -88 24 -23 68 83 42 1 -28 -13 68 -96 85 -94 -48 -51 97 -34 -85 -60 3 23 -52 -32 16 99 99 73 41 -62 65 43 60 -77 27 15 56 66 24 38 -54 -77 -14 99 18 -34 -25 26 96 86 -27 89 64 37 13 -92 -79 82 56 -99 -21 83 90 -31 97 54 -3 17 30 29 -6 50 -95 -98 -70 -65 -35 96 -87 37 -6 12 -82 21 -43 -59 -60 -66 -48 -59 -93 -12 13 -22 69 72 -32 87 -14 
24 38 63 78 36 -61 -38 2 47 -68 -29 -79 -15 98 16 63 -57 -46 31 13 40 -37 -22 -44 -67 -20 -94 -36 12 79 61 88 28 25 -52 86 -3 -6 -55 13 80 -85 12 39 -50 -83 17 -68 -2 28 -34 -36 -49 42 82 -89 35 64 -64 -91 -56 -1 85 53 -99 -78 14 59 -28 85 68 12 52 -74 11 -94 62 -17 -30 59 -52 -30 98 -99 18 57 -34 -90 -9 83 -12 -13 -100 -38 -80 -4 -45 -6 37 51 
-30 -4 -11 -4 -83 94 -35 -90 -17 93 51 96 -44 -74 67 -56 -94 -43 79 -49 61 -52 4 -23 50 -100 0 -37 -5 15 -44 -30 -31 95 51 91 61 21 -38 -38 -46 -40 90 -71 -27 44 -27 56 -91 -40 34 64 -40 40 11 -26 -18 55 -38 -48 -45 -7 53 7 39 57 -26 39 -74 55 62 -71 11 -50 26 -67 -1 91 71 -22 -95 41 13 23 -54 13 -77 -4 -60 -44 46 -34 -30 -4 46 -89 45 58 41 9 
38 36 -4 -82 84 94 3 -53 46 9 -84 0 45 56 25 27 -34 82 51 39 83 81 -49 -79 -28 21 -22 50 -44 -93 -83 51 91 38 -38 35 18 -94 12 31 -24 -49 11 -35 -29 86 -97 -73 -61 45 -2 62 53 39 33 33 -52 -49 -38 -64 61 -91 61 25 -29 74 -14 65 -95 77 58 40 -99 -11 35 9 -77 68 -65 52 42 22 -17 -15 19 -15 -89 78 25 -4 92 85 -94 -9 -98 24 -49 26 51 34 
-41 46 88 61 -8 87 87 -62 -40 -62 14 -84 61 -91 69 61 -18 -46 18 99 -70 -53 19 -47 68 20 12 47 -60 51 -97 6 -91 -76 -3 45 56 15 -93 -93 -6 73 63 87 -72 3 -68 -6 -75 -53 -27 97 66 38 26 -56 25 -96 45 62 55 -72 -63 -32 -93 78 -4 86 8 82 16 88 -34 -72 -56 6 -6 -41 -36 -54 31 93 3 -1 -19 -35 57 41 -35 -51 -6 60 -24 -73 -66 29 11 -94 -53 33 
-25 -62 11 -10 -49 -76 -13 -73 -31 96 48 85 -7 67 22 -45 29 -74 -52 88 29 85 16 8 70 -29 54 -61 -7 58 -91 -26 -63 56 15 -6 10 -97 -69 -86 46 -81 39 -64 23 65 -23 54 91 -96 67 80 57 60 36 21 61 84 -18 -14 30 -17 17 -69 40 -17 -9 88 -19 -44 83 91 43 -35 -60 -53 37 27 -63 -23 -26 -67 62 23 3 11 -32 -49 85 59 -41 20 -81 27 -78 -95 -9 -95 -58 -5 
-56 33 -71 -50 28 -63 31 -15 -7 84 71 25 -5 -42 10 47 26 23 4 5 26 89 -84 100 -95 91 -95 -46 -61 -67 -37 10 -93 -52 -19 14 21 -50 -74 -49 -66 62 -24 -7 -78 -88 -39 31 96 78 -51 46 -78 -8 35 99 -6 98 68 -41 60 86 -1 85 -36 79 40 24 3 -35 -36 81 -93 37 -54 26 86 -17 -20 41 7 -68 -43 70 -85 -91 -49 57 85 62 -73 29 80 -3 8 46 -61 58 1 0 
-86 -30 1 83 14 93 33 -73 79 -93 10 38 -45 -42 90 43 -9 91 20 -8 65 51 -45 61 58 40 -97 44 81 -4 -91 73 2 -18 53 23 -11 62 -56 -93 -63 -72 -75 99 3 -46 50 -79 93 -8 53 -88 83 -6 100 -52 64 15 -55 97 36 -83 45 14 -12 -35 79 56 34 -86 -5 33 -38 -48 -11 -95 42 23 -43 11 56 55 61 -84 -9 -11 -23 -94 -46 -51 -24 -36 79 64 42 37 -37 -46 65 -74 
-50 87 38 31 -28 94 -1 -78 -47 -88 79 79 45 -46 34 -30 -20 -70 7 86 97 -79 67 6 -84 89 -42 -72 -92 -8 -59 -88 93 -2 67 62 53 18 -81 -4 -92 -47 -43 60 -12 90 31 -7 87 95 -67 -46 63 90 95 -9 57 -99 -78 -32 -85 -63 -55 -36 95 90 -60 -59 26 54 52 92 13 -63 29 91 36 4 36 -23 56 6 -60 -60 80 -14 55 -90 78 -4 31 -59 -77 -28 75 100 18 90 31 1 
4 -69 -18 -52 79 -84 -35 30 -78 -92 -65 -70 30 32 -54 -96 10 80 97 6 -80 0 60 52 -39 -21 -90 -57 0 -11 -23 14 -22 -74 89 34 57 -64 -61 -63 4 64 -97 54 -26 -26 -36 100 94 -4 -12 82 99 71 66 98 -3 -67 87 37 21 88 89 -95 -55 17 81 -78 -9 39 29 -60 2 -13 46 -88 94 -92 84 -24 46 -77 -33 100 -2 -27 -86 97 44 45 -40 53 -58 14 -98 -65 -95 80 -21 86 
-53 98 -60 -9 -38 -21 1 -71 69 57 -98 -67 28 -39 39 -93 -65 100 -65 -83 27 39 23 -81 -93 1 6 63 -68 -7 81 64 2 60 -93 65 47 70 -71 90 -38 39 73 65 61 -42 94 12 -37 -25 -83 49 39 66 2 49 -77 39 -87 15 74 30 83 0 3 -70 -45 -53 52 49 -41 34 -30 11 -56 -30 -41 -7 -100 -49 10 46 19 -44 -5 -91 -72 71 -18 -22 86 -69 -76 97 -66 -14 -38 -43 28 -1 
-26 -87 -66 -59 -15 89 70 -85 57 39 73 -78 40 99 -87 -73 -6 44 28 73 46 -37 62 11 -92 12 20 -39 65 -20 -53 -72 -49 8 16 58 -82 89 -16 98 -38 70 13 -53 63 -66 49 58 -75 7 56 75 -90 93 -19 -98 -50 -80 -47 66 90 -57 48 57 -32 72 80 85 16 21 -6 50 96 -73 19 72 32 62 100 -9 -83 49 50 37 76 4 -83 -71 23 -71 -20 76 -91 -20 7 -41 -17 -64 58 67 
-67 -86 -91 -7 29 -85 2 -56 46 -50 16 -16 58 -40 -96 -45 -56 97 52 -15 77 5 95 -58 26 37 6 26 47 -33 -13 -31 72 -65 -49 -42 29 90 -67 26 42 -74 61 10 -41 -76 -5 -58 24 -60 -72 78 67 -5 -20 -52 -68 -34 -85 -29 -78 -77 -72 -31 58 -61 36 -68 -89 -5 -62 -96 94 69 -97 22 39 10 96 75 -92 23 65 -61 20 92 -10 -74 -35 -13 92 -94 -43 -7 -26 18 -72 74 -24 -31 
-71 54 92 70 2 6 -36 31 49 7 97 -1 83 -78 65 -43 -17 -17 -74 -11 34 74 25 -47 -52 54 14 54 46 16 -15 -46 -85 51 -23 -28 -28 82 95 -4 -1 29 5 -38 65 26 12 44 94 58 65 46 22 11 -33 -71 -97 46 34 -18 -74 16 -64 10 35 -66 32 48 35 85 50 -66 8 62 65 51 -86 -86 -45 42 6 28 60 -99 30 91 -42 45 -26 -67 57 -33 -31 -13 -53 -54 -44 -94 -38 42 
71 62 -23 8 90 72 43 37 21 100 -18 41 -49 -71 -85 -43 40 -51 99 28 -87 -48 -72 65 -37 -100 64 -26 -87 76 -38 48 38 -17 85 -73 -27 -6 -19 91 51 73 -17 -34 -71 4 -59 56 48 74 33 3 -37 -48 -75 -73 47 -52 -18 -62 57 -41 -63 67 87 -10 -1 25 51 99 23 66 82 60 -36 88 -100 39 6 -100 -53 89 60 0 10 -9 18 78 56 -93 -56 67 -5 -48 30 -15 -76 87 -24 34 
34 89 -9 -40 65 90 30 93 -89 29 -32 -51 -69 93 -39 99 -62 -88 0 -39 88 53 64 -61 0 -53 88 47 -57 -59 -9 88 -37 45 28 78 44 -23 -24 -51 -71 9 -89 50 -11 61 42 61 81 73 -74 -96 78 -13 -54 -33 -68 -96 -46 92 80 12 -22 85 -93 38 46 37 -76 -41 65 29 -92 72 -43 -26 -87 97 -42 -93 -33 62 -4 -67 -22 47 54 63 59 52 -27 29 98 35 -37 -49 -86 -94 -72 -61 
-66 55 -82 -5 17 -11 -94 -38 55 -78 87 -67 -82 -20 -5 26 -92 -12 -37 64 89 -58 70 37 -73 -95 -97 31 -76 -34 44 -65 -80 -68 -27 -33 -81 -71 -86 87 51 -3 31 -76 83 -1 96 56 15 -40 78 -47 -19 78 -19 -33 -24 15 -10 93 -2 38 19 -35 51 66 38 91 -13 73 50 -68 -37 97 -32 73 -77 -99 -41 33 62 -96 65 -42 96 94 -3 -3 -61 82 29 -81 -18 -96 -84 -31 -16 74 -82 -25 
70 -77 1 67 15 -22 48 72 -60 -1 -6 71 32 -18 10 71 6 -43 -99 -15 37 -50 -86 -79 21 23 13 95 97 -76 16 -90 -38 -60 33 -55 82 58 21 72 -65 42 -38 68 -63 90 9 -98 61 -38 40 -32 -22 8 4 28 14 91 -69 -33 -15 -76 -25 40 -14 -44 88 -28 72 18 -89 21 -11 44 71 88 34 91 13 -34 78 85 81 -41 -71 45 -1 73 -56 73 -49 -15 -20 -81 67 75 0 25 -93 57 
5 -79 -33 -51 98 -62 -37 2 -60 97 97 -61 79 66 11 38 -30 -58 52 -20 37 -89 87 95 -15 -80 6 64 32 -13 -72 44 37 84 93 -27 14 -61 37 -92 39 8 -3 13 100 99 53 -33 30 37 -23 -26 -85 -66 98 73 12 33 -54 70 90 18 -11 -12 41 -59 -58 -47 -85 53 1 -60 -63 76 73 42 69 50 -17 39 -22 -64 95 4 14 -6 79 -33 20 52 57 42 75 -84 52 -17 -49 36 97 -3 
56 53 -9 52 -91 55 49 -76 -41 27 33 84 -91 -77 -97 -41 49 -59 72 -87 -31 -19 -96 -35 -93 74 78 -44 95 -48 0 -80 21 52 72 -33 96 67 -69 -50 -46 -57 -12 25 -92 32 -39 100 -57 -22 64 -27 -80 37 65 -94 -84 -49 -34 -5 -87 -88 66 9 -45 -97 -41 -66 -58 -22 -55 -95 -11 -93 74 -89 54 18 -71 16 68 64 26 -29 -28 39 -84 62 86 -81 -19 -29 -43 21 86 35 -54 87 -88 -84 
-94 43 75 58 -41 42 -56 56 65 65 47 37 56 63 97 -100 65 -53 67 59 -68 -19 -98 -59 -66 -58 24 0 43 25 12 53 12 3 -57 -55 -30 42 -85 93 -31 38 -27 43 -36 76 8 75 88 -21 -3 -78 -67 76 -74 -8 -41 -54 2 -32 95 -63 -83 94 -64 -56 -21 -79 -44 -2 93 37 57 53 66 -52 -27 3 10 -72 11 -57 21 -8 -25 17 83 36 57 -82 47 86 0 67 -68 -38 82 -46 84 21 
-27 100 -42 -60 -48 22 -76 23 53 -85 35 -38 26 -8 53 -53 -14 -59 -64 -98 -80 -16 42 -53 49 -13 -87 -90 9 -64 -77 67 6 91 50 36 -12 -67 -11 21 58 7 -35 -10 -89 6 38 9 29 -64 -91 -14 -37 14 -41 74 -24 38 17 16 44 69 95 53 20 53 18 -45 -81 -48 -50 49 93 -13 60 61 -8 77 -61 35 62 50 -47 -5 66 -18 -36 -34 -7 -89 -77 57 -8 34 79 -22 17 -28 -100 -66 
40 -76 -59 -74 -23 -19 2 -58 97 49 95 61 -78 36 -20 -68 -26 15 51 -50 97 -100 11 -54 18 68 58 -98 59 -16 88 -10 -14 -20 96 1 -5 -61 -88 42 -3 -35 -23 74 6 -13 -82 -22 22 53 56 56 4 -86 -53 75 -4 -36 -74 30 -17 91 47 -79 -38 -1 88 88 81 19 65 60 -12 -3 7 -63 44 -75 40 58 -12 52 -80 -79 -86 -79 74 -21 24 -56 50 75 59 -53 -74 25 -98 -100 69 16 
52 -91 39 -39 63 17 93 -72 -81 55 -54 -62 -21 -30 81 32 13 52 85 16 29 81 99 -10 -79 -91 -33 -9 -54 47 90 -5 -52 -45 50 -19 -10 2 47 30 85 10 1 -95 71 -9 -12 94 -37 27 -50 -40 -54 15 -81 -81 -22 -40 -3 91 74 -53 97 -71 -89 98 -11 -4 87 99 57 -74 7 -38 59 -71 -94 -3 -96 -91 -68 -18 -37 83 83 78 -57 -95 83 -73 -24 52 28 54 -9 -91 49 -38 -32 -91 
71 -32 72 78 86 -80 23 -39 -68 13 -8 39 -20 72 56 83 100 -32 -76 75 -22 -100 43 -71 67 -49 19 -87 -15 -28 35 -89 6 39 -74 45 -15 -12 33 90 57 -69 -43 99 -53 2 -8 -9 -90 -47 -49 -96 45 58 -96 60 25 -71 14 15 37 15 -31 -94 60 -12 1 -22 48 -76 87 -31 -7 13 72 74 91 100 -22 -62 14 66 3 78 6 99 3 -18 72 -38 53 59 88 91 74 -80 -96 -24 57 -68 
-62 82 4 17 98 83 -16 -62 -87 17 -77 45 -31 -90 54 100 56 88 -78 44 -80 61 90 -27 58 19 -95 -26 39 -67 -95 -9 -36 32 -56 -92 -41 -26 -81 -41 2 92 86 -74 -74 59 -48 83 3 -39 60 -7 96 73 -8 34 -97 30 83 30 49 71 -67 -3 0 2 -9 -34 6 -14 -59 -84 75 94 9 -85 -37 -28 -51 79 -14 17 94 -80 -77 24 -5 -19 -95 97 21 29 85 30 47 -28 10 -60 12 64 
24 -77 54 92 -98 48 51 -7 -45 11 -73 -99 -82 95 -24 -62 56 65 -27 -28 -35 -94 -33 94 29 16 41 34 27 -22 72 91 52 -26 68 -65 -61 -69 -14 -7 31 76 -51 5 21 -42 92 53 -77 64 -42 5 42 8 82 43 -62 -6 31 15 39 7 -25 68 -17 -17 -72 -22 -52 -25 82 -89 -46 -21 38 -1 -47 -22 -50 32 91 -14 -8 14 77 39 16 -13 79 -11 -93 -50 -50 66 -59 72 -63 95 61 -95 
25 -56 67 62 95 -21 -75 33 -19 -64 -49 0 -21 2 17 16 -17 67 -39 -82 92 -39 -97 21 -80 26 84 35 98 47 -59 -56 -89 58 16 3 77 96 70 -50 34 46 -44 -92 72 90 -28 37 62 -8 45 64 26 -19 -17 -37 -72 -84 42 -22 -56 -91 -3 -21 -46 56 -31 -72 -59 91 44 -69 94 -54 -58 79 -28 30 -28 45 70 -68 63 -14 88 11 23 -85 -22 2 32 -48 64 -38 -52 -45 36 -98 -42 67 
15 -49 58 62 87 65 15 -22 -4 -41 93 -42 -83 91 -63 -27 63 96 76 -76 -70 5 77 37 75 47 49 74 -70 24 89 -94 -97 -15 -55 -39 -87 -17 83 -43 19 26 45 87 56 42 17 18 -36 -91 41 -85 -86 91 61 72 92 -36 27 83 23 31 -48 -96 -34 91 -97 2 55 93 80 -79 78 -16 19 -58 10 73 7 -72 -43 -28 67 -56 72 55 67 35 2 44 -34 -16 -33 -23 96 -32 -94 66 29 -57 
-58 66 -35 52 -5 96 -63 -8 -81 39 21 96 -60 47 3 -40 -53 99 -13 77 73 12 -44 -32 -88 96 -97 -68 60 -98 81 -18 -38 35 -36 69 -52 -2 92 -83 -29 -74 -97 -20 66 -33 96 -67 27 -27 23 -86 -23 -28 32 43 94 -67 -4 24 60 -11 61 -28 -48 -91 -40 11 46 -33 89 -40 -98 32 94 45 -71 -45 -75 43 7 31 -2 89 57 48 23 -91 -85 -86 6 -19 -34 58 -86 31 -46 2 -22 -60 
67 -38 53 13 71 32 37 3 -84 9 80 -47 -13 19 5 -29 -62 80 59 16 92 -83 -4 -23 3 -93 81 78 99 -96 96 -48 85 7 49 -60 -71 52 94 -75 -42 -41 67 79 51 -33 26 32 -48 90 -58 44 -43 60 -3 63 50 83 61 56 -74 -15 55 -27 98 47 -47 -46 -34 75 23 55 -76 -71 67 -85 -47 62 66 -53 73 -52 67 77 83 -63 -71 -6 30 2 63 -44 33 53 -80 -38 -100 86 8 51 
37 -52 -38 -93 -91 56 -33 -62 -95 -56 78 21 -8 6 12 -33 -3 -54 -81 -55 -61 -12 -39 3 88 -79 53 57 48 79 10 -7 -99 -24 -20 -51 -61 -98 30 -94 18 1 -30 -83 -13 92 -64 0 -43 7 -27 42 -75 88 -98 -74 53 27 14 70 38 -38 48 41 76 -86 -19 -19 49 -13 69 8 17 -52 46 -98 -46 -20 54 36 -99 -97 -59 -10 -31 31 35 -86 85 -99 31 -26 -80 -74 58 -38 -67 -68 -93 -74 
-89 47 -67 28 83 -83 85 51 17 45 6 2 -52 95 -33 36 -90 2 22 96 -31 -3 -67 -67 64 -35 21 -71 -37 -61 38 100 3 79 -39 -93 -39 -79 -79 0 -12 -54 20 -29 -60 33 -9 -93 69 70 -85 -47 -50 56 38 36 0 96 60 -28 31 -83 89 -39 -56 90 74 -49 -63 -67 -97 -62 -79 -69 58 60 -19 -59 -53 -78 -22 79 -7 -79 32 -42 -64 -41 -1 33 96 -30 -12 -80 -39 -17 72 54 16 -39 
72 99 -83 -63 83 49 97 -90 -42 -71 -78 66 -35 -20 -68 -45 -55 -68 -37 -20 -8 -96 54 -67 -6 -33 88 -82 -63 59 30 76 -62 56 -61 86 35 24 -78 -57 -45 73 25 42 33 -98 -35 -41 -16 93 8 7 46 59 37 65 -78 -2 -84 14 49 27 -33 -55 51 19 -85 -80 60 21 -38 10 59 39 -70 -23 23 -35 -14 -21 44 30 46 32 -28 69 50 62 53 41 -81 -91 -49 26 94 -22 -35 -49 45 -79 
8 96 17 -40 -51 -92 -59 35 47 92 44 75 42 32 47 21 -9 83 34 -55 88 73 54 -65 17 48 80 -93 -64 -88 46 -27 -92 30 48 -39 -77 57 -62 9 92 76 -84 21 -28 -2 68 70 77 75 -22 34 89 62 60 -17 88 49 -30 -5 86 5 93 -29 -57 -41 38 50 -49 -43 29 -72 86 19 -15 -66 34 54 -87 -97 50 -20 40 -18 53 -83 60 -11 -13 41 56 51 98 -78 -92 97 -21 -84 -80 58 
-43 92 47 47 -21 40 -27 -57 -49 -78 86 -74 -80 -31 28 21 -65 1 65 -93 55 -93 -45 30 86 57 18 -43 36 71 65 38 -50 -61 3 -16 26 15 37 40 -86 3 66 -28 -7 -30 -42 33 74 -51 -45 95 48 -54 -96 -53 19 29 -71 93 27 -68 -61 28 -12 50 76 95 -16 19 -10 79 -96 35 74 -61 -52 12 43 -21 80 -99 2 -23 -63 86 -72 -11 26 97 11 68 -23 52 -68 95 -40 3 33 -51 
17 -95 31 7 -70 37 -8 86 43 -1 -97 -80 23 12 -75 -35 89 -28 -9 63 64 -45 13 47 -84 -61 -89 6 27 -65 18 -70 -64 -32 54 -61 -65 -12 0 -29 62 7 -31 -71 32 64 -18 -17 -46 16 -74 65 -2 -88 -12 -35 68 -61 43 -44 -2 -55 37 -15 -52 47 90 -23 89 1 -39 7 99 -17 89 -73 -78 35 66 75 -32 45 -26 30 20 47 63 -9 86 58 42 -13 -56 -87 9 -34 32 49 13 47 
-11 -79 -82 20 -42 -59 -11 89 -89 -77 84 -47 28 -76 -15 67 43 63 -69 56 99 -52 28 52 96 10 31 72 63 -3 -48 -51 -61 -90 -26 34 53 55 63 27 14 -84 -100 -81 -85 57 -87 42 13 48 75 56 -24 4 74 53 62 -71 -83 -95 -56 87 73 -95 66 71 -6 7 -89 52 -89 48 35 -71 50 2 57 82 -47 49 -22 -15 -5 77 -31 13 -38 34 35 -76 61 15 -9 100 65 -77 52 -78 53 47 
82 -74 19 79 -61 8 33 100 88 -17 -36 -56 -99 28 92 37 88 63 42 -48 -7 93 87 2 -79 55 -30 29 -50 56 50 46 11 -31 56 42 -50 -58 65 -6 86 81 -88 28 -85 28 33 81 -51 -6 48 49 -71 -2 15 20 95 60 50 27 -32 -47 69 13 85 -100 -12 -7 -35 29 55 82 -72 -4 45 -8 39 26 -40 80 -71 41 -19 -34 98 55 66 5 88 -100 57 -43 35 91 -72 40 -39 -74 -44 -80 
75 57 96 -21 78 -52 84 -96 1 51 -24 54 27 -85 -97 -74 93 80 3 75 32 34 -93 15 23 39 53 -9 -39 20 52 -94 -33 15 -24 70 -87 -28 -9 -25 -99 -16 75 93 99 57 8 52 -24 68 -23 -66 63 -14 80 -94 7 -59 -9 91 -15 83 -2 91 75 84 -14 -91 57 -74 90 -94 -50 -81 -76 14 27 -2 -61 -71 -45 -42 86 85 44 69 45 -62 -35 32 14 -5 -62 -3 -60 -79 30 43 19 -14 
71 55 -16 51 -84 11 -42 49 81 -61 23 -65 -30 35 19 89 -62 -47 29 8 -38 84 -96 72 -4 -69 63 17 -61 -54 71 -29 -34 63 -4 67 -25 89 88 74 94 65 23 61 44 4 34 -86 26 -96 13 50 20 93 -27 47 -32 88 28 -69 50 21 41 -18 -11 55 -76 -99 49 46 40 83 88 -66 -65 25 99 70 60 35 89 30 -8 -71 87 -61 -97 41 -61 4 69 28 62 84 -99 -66 64 -31 -18 41 
5 66 10 -74 -88 -31 38 46 -81 76 -28 -28 55 -68 -59 2 94 -13 -65 83 -100 -40 62 -52 -96 67 -53 67 64 -84 -11 -61 29 87 75 34 68 39 32 -100 24 24 89 -68 -88 -74 68 28 72 -78 -89 16 43 82 -57 -20 11 70 -75 35 9 -91 -84 -19 54 -31 11 76 -42 92 -75 32 93 34 -46 -56 64 -5 -13 -8 -54 -92 35 -81 53 2 46 36 62 -9 -79 -38 26 -71 90 -35 -93 59 -42 9 
-24 -70 -90 16 -80 19 -2 -62 80 13 -43 -92 -45 54 -79 16 -29 36 48 -91 -17 -46 -25 6 43 90 -11 74 7 43 5 -56 76 -9 -98 96 87 -74 94 -20 47 31 -22 15 98 78 -98 9 77 -95 74 12 -10 -74 -65 -78 -53 69 40 67 -55 -64 -94 -5 19 -15 -63 -44 62 -94 67 -46 -81 -54 78 81 91 -23 -19 -19 60 -23 -85 37 10 56 -98 62 -91 -8 -85 -48 2 54 66 68 5 -89 64 -15 
-59 98 -89 8 -93 28 -78 55 -32 -47 94 31 4 70 -48 97 73 -10 -6 -32 89 -3 -52 -79 83 33 -61 87 -64 29 -38 -28 -57 -10 47 19 8 28 45 80 44 63 -74 61 28 -49 89 -62 -9 -42 41 57 -62 88 69 42 46 99 -31 66 7 -60 -10 58 60 -64 61 -72 21 -9 47 48 -67 -31 -31 0 -12 -90 -67 -26 63 -70 62 -77 -68 83 -98 -56 -86 82 -14 94 -12 -37 62 12 -39 68 -49 29 
-10 -92 -22 -18 -57 -39 71 1 -47 78 -57 -46 13 84 -88 28 -61 29 83 30 21 -56 -71 63 -32 54 -45 1 4 19 11 3 73 17 19 12 70 94 -16 97 -12 -28 -93 73 -82 -32 80 3 6 -54 -23 92 -28 -12 81 47 -30 41 32 4 -54 -85 -99 -43 22 -26 -66 -64 34 61 61 -84 99 -22 -18 -61 -53 68 -82 63 50 44 -38 -16 53 -10 90 -98 -83 98 -2 -83 46 -60 15 89 -93 -40 -54 13 
-17 -48 -48 55 -88 -67 -28 -21 -25 -61 65 35 94 -80 -24 -43 45 81 -58 23 -35 -69 89 -44 5 37 -53 16 95 27 -43 -99 -43 -45 -18 66 56 83 -76 87 45 37 -61 69 50 -43 91 -40 -39 -76 85 27 -47 7 32 21 88 68 -44 50 -84 -13 84 -33 -20 70 -31 94 -68 70 46 51 -28 33 54 72 71 65 19 44 20 -79 -62 39 -65 -1 66 -18 99 93 -78 -67 57 -75 -60 -44 -15 31 -95 -42 
89 32 -37 -50 -52 -82 7 -39 -11 86 62 -65 36 58 -87 -54 8 -25 5 -36 4 -2 -88 -66 -9 -30 15 89 -85 79 -58 -30 41 57 77 -89 -32 -97 81 -46 -80 -49 93 42 45 -56 -46 -20 10 -72 -66 35 31 -67 78 -66 65 42 -94 -76 66 26 -69 10 74 41 20 97 -15 50 82 32 93 -55 -96 100 73 4 -18 -75 76 -72 -40 -66 65 28 -97 -55 -17 3 64 58 -75 27 33 32 38 100 54 57 
75 -80 -5 -17 35 25 47 37 -33 -57 73 -100 -83 -13 2 74 62 25 -9 -80 20 83 -17 -33 -83 -45 -50 96 -88 -65 -65 -19 -26 28 -15 -5 -52 -91 -11 -26 31 59 92 -83 -67 61 90 9 25 58 63 10 -34 50 39 58 36 68 62 81 -71 -91 -63 89 -37 84 89 100 39 -10 96 83 -6 84 15 11 -43 -63 93 -71 -62 58 -86 -64 61 -76 -36 97 -1 36 39 0 -73 -29 49 -25 53 -61 25 35 
57 -92 -55 48 -43 -28 -7 86 -12 -18 -23 77 -5 81 -56 38 89 -68 72 7 -33 54 17 23 75 -70 57 67 -44 -53 82 -50 -51 92 24 0 -92 -94 -30 -60 40 72 55 18 30 -75 -84 -95 -31 34 64 33 -31 -30 -73 -34 -34 -82 -79 67 78 -24 -64 -61 -95 -75 63 36 96 -49 81 56 89 17 41 -35 -96 -35 -73 99 -54 60 12 18 67 87 15 23 51 -2 31 -11 23 -51 -4 48 25 23 -23 16 
10 1 80 -1 -17 11 -98 -48 41 93 6 -15 -94 44 -78 1 -12 -54 99 71 -58 -79 50 -19 -59 -60 -91 90 32 -84 0 81 -52 -76 51 -17 -7 -19 -76 -31 96 10 -7 78 -70 64 45 54 -53 51 -20 -42 72 -32 -91 19 -37 -80 90 12 -40 36 65 -15 6 88 19 52 80 43 -85 99 15 63 -94 -70 -73 -25 -57 97 32 43 -69 91 -42 -12 86 -13 27 95 -47 21 12 36 -24 -6 -38 30 32 39 
52 -21 -25 46 36 48 36 -20 -61 0 75 -44 -46 12 95 -45 -57 17 88 33 -89 -96 -18 -95 -49 -90 24 -10 -55 -85 34 0 -16 -65 55 -41 38 -45 -77 46 -36 90 79 -79 24 52 83 63 9 -2 72 -29 -24 54 4 -32 44 16 68 63 -26 -49 93 -39 -73 -60 -64 -14 38 -96 -21 -11 -82 -1 -43 22 -83 -28 67 -74 45 -68 -32 67 -38 73 44 -39 -29 97 42 55 57 -72 -39 70 65 -15 90 -69 
-11 -21 90 -81 -34 26 87 95 -62 40 93 -35 92 84 -71 -42 17 17 79 58 89 -1 21 62 -27 94 -48 55 -22 38 66 -47 -56 67 -8 -18 -5 -50 -82 18 -86 -71 98 52 65 2 -70 -54 -40 -49 -94 -24 81 -42 86 28 76 -18 8 -46 -72 83 -48 85 -97 -45 77 73 66 16 49 -35 32 87 -17 -35 -62 89 -59 64 67 89 -23 98 -81 -14 86 -4 62 -66 -6 -73 -5 -6 -91 32 -61 -97 -8 -100 
-38 -20 -29 63 68 -30 72 34 -34 -61 -49 -96 42 13 75 87 -17 55 -52 96 16 -60 12 98 2 42 -84 22 62 5 14 -61 -80 13 71 18 -19 -63 20 86 -52 7 -48 -32 5 70 -10 -12 59 63 -100 92 -25 -84 -63 53 -82 40 10 2 -45 -45 -40 31 -71 23 -87 12 -18 -9 85 81 32 1 56 -41 -21 -20 -97 15 62 -89 91 78 47 83 -28 30 39 -72 -60 75 21 24 37 26 -27 -97 4 -89 
-61 22 -5 -51 -46 59 6 -52 -93 93 64 41 81 -91 -70 -30 8 -28 -15 69 100 10 -25 33 19 57 -85 95 -16 -11 66 57 -55 43 77 -16 -74 61 -90 -65 -28 71 -28 -30 -87 -99 -91 -34 7 -13 -53 -99 2 -21 -75 -60 -40 -89 99 75 50 14 -12 18 0 -25 -51 8 42 72 75 78 3 -17 -41 98 -77 99 18 68 31 -50 100 -40 40 -69 -46 -13 71 -14 26 63 37 -55 84 98 -34 36 86 -87 
33 -29 -31 76 -63 73 -6 -26 25 -21 -25 93 -75 -44 -62 -15 82 -2 -48 32 -31 -17 -24 33 -7 -47 99 -39 49 -76 77 -100 -55 19 41 -38 -9 -27 -36 60 75 92 -52 52 -21 -79 -66 6 -96 -86 -57 -81 -1 74 27 8 4 6 -14 -91 -30 -83 35 11 92 -28 -46 99 5 -97 -65 -8 48 -70 -100 -36 -9 33 23 67 20 9 94 4 -23 -12 21 -65 -62 45 -38 -78 -38 39 -74 66 36 59 59 -61 
83 -19 -24 38 -3 30 -58 39 74 -3 -84 -90 65 79 -52 -63 94 -2 -7 -23 12 -28 94 -34 75 -78 -21 -73 -63 -32 85 32 -92 -42 -78 -33 -100 -28 47 81 -54 -67 82 -61 -91 88 -26 -9 11 -72 -35 5 36 35 -85 -79 83 -68 39 -14 32 -68 -9 -44 -22 -80 -28 94 57 45 -40 -17 -64 36 -37 -98 15 -63 -70 77 29 64 -65 -7 -84 57 -39 -79 -76 96 71 11 31 88 -51 11 28 -75 42 10 
56 1 50 0 -100 -2 -47 -16 -39 83 48 56 -70 -74 45 -95 -10 26 88 46 58 -33 -100 -90 -89 -95 44 85 16 -49 -91 -56 -56 -98 -7 -46 -75 69 100 -68 49 92 -70 -75 38 50 20 95 -16 -92 91 56 76 83 -90 -95 -99 100 12 -59 3 -96 93 -14 78 -16 89 -37 -43 90 77 58 2 0 72 -45 26 -52 88 39 20 51 87 -50 -96 65 54 95 -57 -47 -39 13 -80 70 45 -56 -69 31 19 82 
