45 -22 -26 35 -21 -34 -25 11 1 21 -25 -30 -5 -38 -37 30 -1 4 -42 -19 -34 24 46 -10 -26 46 47 -32 -37 -38 48 -11 -36 -19 -38 46 19 8 9 -2 35 -15 -14 -2 36 -1 32 -13 11 -28 -19 31 28 12 -20 -38 -48 -13 26 4 11 50 -33 -22 42 -36 23 41 6 30 -18 -50 -11 0 20 -49 31 43 6 -32 -47 -21 34 50 16 -37 -28 -6 -38 22 12 17 -27 -24 25 -32 44 -45 17 35 
-35 -15 -33 26 20 28 -36 -3 -39 -42 36 -43 4 -19 -6 16 5 -28 -50 27 -28 -33 42 13 -26 44 -13 -47 30 -17 19 -26 -38 36 22 23 -30 -26 36 -5 47 -41 -7 -17 -37 32 -43 37 -28 -24 6 -24 33 -10 -47 4 30 12 6 -37 38 -2 39 11 45 14 44 -9 6 5 15 -45 47 -21 -50 -45 -28 8 18 -10 21 45 -44 -25 -17 21 19 -28 6 48 -29 -33 49 30 -12 -14 5 -37 -40 46 
0 -42 -15 13 -24 -3 -37 -1 42 -30 35 26 30 29 14 -14 -6 -45 -34 41 -39 -7 18 16 -38 15 36 34 28 40 6 17 -40 6 14 15 -11 24 18 -3 -12 31 -49 42 6 29 34 37 49 44 43 2 -44 37 3 19 2 12 6 11 32 -30 -10 -43 31 9 -42 8 -35 -18 46 2 46 5 -12 3 -6 -23 -50 -10 28 40 6 26 -44 33 29 24 -45 16 34 31 -35 -5 -4 33 22 27 -23 -48 
43 32 8 6 -45 43 -48 -32 -40 15 1 41 -22 48 11 17 -26 35 30 -49 -39 48 -6 5 -1 -1 -15 0 1 5 -44 8 -40 -32 10 33 37 -22 -43 48 46 9 -20 -15 18 0 3 16 2 -39 25 -16 -42 37 -40 11 20 14 17 -30 31 -27 -3 30 -4 -27 -38 11 -13 -39 -8 0 18 33 0 8 -30 -21 22 45 35 41 -24 -28 -2 32 44 -13 -37 -28 -19 -38 35 -2 -10 -12 47 0 41 24 
-12 8 -29 28 3 22 43 -46 23 0 36 49 -28 26 40 22 23 -17 -18 -35 46 -21 -46 -50 19 12 5 18 -14 -46 -36 -22 -38 9 -46 -15 -39 -33 41 50 30 26 13 -6 -14 -47 12 -44 28 -41 49 13 -25 -38 -1 -50 -13 -35 -50 -8 -34 -29 -8 -40 -29 -17 -26 -30 -14 -11 11 25 8 46 30 -23 -15 7 35 25 29 18 -43 -29 -7 28 -8 -28 12 0 -2 -41 28 -36 15 -21 30 41 11 -42 
11 -40 31 26 27 -3 -13 15 -1 20 -41 48 -1 8 24 -48 9 -11 -28 -11 -13 36 36 -49 -23 8 6 16 -8 2 -34 44 -36 -38 -31 35 2 -39 -40 43 -1 39 0 5 36 15 -20 -12 9 -10 26 37 21 29 -40 4 48 11 45 -3 41 -18 -30 34 15 -45 -50 -10 -37 -16 1 39 -10 41 20 41 -22 33 -13 36 9 -44 -10 26 12 -24 42 29 24 31 -6 -13 -1 42 -42 28 13 5 -50 -18 
2 41 29 23 -29 -22 21 -30 -13 -34 19 -49 -40 -40 39 47 34 48 -21 34 47 0 11 15 40 -40 49 -31 46 -14 48 39 10 15 -40 26 42 -38 35 45 10 -6 20 23 15 -14 -3 35 -42 7 7 11 21 -40 17 -35 3 8 6 -45 8 -17 -1 -3 39 -18 -45 34 -10 24 22 29 42 33 -32 -48 12 -32 -46 44 -30 37 22 49 -49 -37 -36 -28 -34 48 14 47 5 -10 35 15 -17 39 -34 0 
-17 9 -9 32 15 32 -38 -40 -30 17 14 -45 -11 20 -29 -45 -12 -7 12 -23 -10 44 41 45 -32 -49 11 -35 -36 -8 -26 12 -7 30 43 36 -42 18 -7 28 -49 14 -34 31 -47 -43 -41 1 45 -37 -47 46 -34 30 39 16 -6 -39 -23 40 -17 -10 20 -29 7 -18 -30 41 -5 0 -2 42 48 6 -15 -4 27 -27 -16 5 9 20 42 -50 -44 -29 47 2 -28 4 34 23 -27 -18 18 -39 -11 -21 18 47 
-44 36 -44 43 -38 2 26 -36 26 44 -2 17 44 -24 15 24 23 30 -46 -31 32 -29 12 -39 32 23 -24 -41 -2 -16 8 -29 11 24 -2 -8 1 49 15 50 -28 -1 -15 -31 -36 20 10 21 -34 3 -38 36 25 32 -50 -30 30 21 -7 -50 -23 -4 1 -9 44 -9 -17 3 -10 19 -25 -16 -6 -31 28 25 36 -3 -28 -44 -12 -15 -19 -36 39 -38 -8 20 -25 -30 6 4 10 -26 -42 34 -5 -5 -18 -16 
19 -1 -38 -20 44 23 33 34 -36 32 43 41 14 18 -23 14 5 -32 -30 -19 35 -2 -46 16 4 -22 31 -29 26 29 27 -28 -35 9 -43 -35 39 -42 2 32 38 -3 17 -43 -3 -41 -28 18 -30 23 -28 -41 27 16 3 39 19 -2 15 -22 45 -11 18 8 0 -9 -40 29 31 38 49 -4 -45 4 17 -38 -32 -36 -38 -29 14 24 -16 8 42 17 6 -22 -44 34 -5 -19 -18 33 3 5 33 -3 4 -39 
-39 -4 -19 -16 -2 -25 0 -8 -21 -16 48 30 -31 -23 40 -3 5 44 -46 -27 -16 -31 -24 -49 31 22 10 -2 31 3 41 41 -3 16 -18 31 -40 -3 -21 5 -48 -8 8 -47 42 -10 41 -11 -2 20 37 45 31 -15 7 41 49 36 3 -45 49 -21 -8 -48 -3 31 4 42 14 -14 -12 -14 25 -18 29 -1 -21 5 11 -30 50 23 0 -5 -14 -13 -6 -47 6 26 47 -9 15 -31 27 -23 -16 11 -20 -27 
-2 34 -47 -25 15 0 17 -33 22 -10 -27 -8 12 22 -39 -39 32 -25 -12 44 49 -46 47 16 35 -7 26 -13 -38 -17 -12 8 -25 40 29 37 14 16 -13 -14 -13 2 -7 28 -25 -4 -18 -43 0 28 -17 47 -40 25 11 30 -28 29 29 -21 22 -48 -43 17 -46 -32 11 -4 29 25 -37 8 -14 -13 -3 -42 -15 -33 4 9 -7 -12 7 -14 -8 7 32 4 -22 34 -35 -9 -28 35 -8 37 5 18 -21 18 
15 -12 -19 28 39 -48 18 32 42 36 -3 -29 46 25 22 12 5 -4 -42 3 -17 -13 19 -3 1 -18 -10 -20 -47 -37 -48 30 -18 -10 -35 11 -46 -11 -21 -43 21 33 -46 14 -3 -12 38 45 4 23 -10 16 -33 -42 -40 -22 -37 39 -22 27 33 1 -7 43 -22 -32 -48 -4 -44 4 -7 -28 -3 -7 6 48 44 21 -48 18 -39 20 -27 -23 24 -19 -21 -18 13 8 7 49 -39 16 23 -28 1 -45 36 22 
0 46 -20 29 -3 25 23 -48 6 -32 -11 -23 -3 6 5 7 29 -9 25 -13 50 40 28 -16 -16 -26 -37 17 -12 -15 -11 -34 -5 2 17 0 -3 40 -7 -50 22 32 29 -2 -2 22 28 -22 -36 -50 -12 -45 -8 26 37 -8 -11 -21 16 -23 15 -31 -28 21 38 37 -45 11 22 -44 49 -41 -49 13 8 9 37 -16 17 43 25 -31 -26 28 -6 -34 19 -2 -25 -32 -12 5 24 -5 -15 49 37 16 19 -45 
30 -24 47 46 48 -9 -22 43 17 17 -29 17 27 -1 28 21 -39 -4 -41 -23 -22 47 -20 41 28 34 25 -19 -3 -9 44 -43 -16 42 11 10 -43 32 48 -30 -4 -5 -26 -37 9 -21 -13 4 -11 50 29 20 -9 47 26 -39 -13 50 -25 3 41 -4 37 19 42 1 -32 44 35 -45 -3 39 25 -20 40 -16 -8 -32 -8 15 16 -47 4 17 4 7 -23 -47 34 33 25 35 33 15 23 -38 19 -3 -17 43 
-49 33 -18 14 -31 -48 12 6 4 -34 40 22 -37 48 -15 -29 -45 26 -49 28 -43 -22 39 23 11 48 -25 -38 7 -45 13 -49 26 -1 -39 36 17 21 -25 -2 35 -28 20 6 -1 -2 -22 -47 -31 -4 17 34 36 -48 -11 27 43 5 -45 46 29 -43 22 24 -12 38 49 -22 -18 12 -17 -40 32 38 -1 21 -47 25 -15 -4 -16 24 36 -41 17 -33 -42 -50 47 46 39 46 0 0 -27 -31 34 46 -29 48 
7 -43 11 37 -10 38 -17 -13 -37 23 -34 10 38 43 -21 -6 -38 3 -14 -36 -23 24 9 -33 -43 18 13 19 -42 1 5 -32 31 7 16 4 21 -12 48 28 47 -12 44 48 -40 -1 2 -31 13 -5 -26 15 -7 12 16 7 -4 21 -10 3 26 -44 26 5 -27 18 44 -24 -27 23 -38 -33 -9 -22 37 -25 -17 27 39 -1 43 -27 1 -14 18 43 41 -35 39 28 40 -4 -21 -20 -45 -14 43 0 -13 17 
44 22 -40 -37 17 44 -33 -38 13 -8 -35 50 -9 2 -22 -33 -47 -31 15 -29 -33 0 -19 -10 16 42 -9 15 -22 -25 -46 -8 26 9 -50 -4 -11 -21 -8 -48 18 34 1 -3 -46 -30 -6 -28 37 -43 -42 24 -43 -41 -43 18 48 -25 -15 37 -30 -33 -50 13 48 27 38 19 29 0 -31 25 18 50 38 18 -24 -28 11 32 37 -9 -33 12 -17 37 46 -10 22 -34 5 7 39 8 50 -38 -42 38 -9 34 
1 23 11 24 -11 8 -27 -24 -43 -48 24 -14 -47 -45 25 27 -11 39 28 21 30 -21 24 -4 13 31 -35 41 -24 -13 -16 -23 -9 35 -28 -39 -3 42 1 -47 41 12 17 29 40 -8 39 -15 8 -25 -48 -43 -24 6 -10 12 6 -13 29 -18 41 28 44 -47 27 -3 39 -9 15 -32 -27 21 20 8 6 44 -46 -49 2 -35 25 -15 -49 20 13 -47 -47 -21 42 -50 -42 4 -43 31 4 -49 41 -6 36 -24 
4 13 -34 21 -19 -22 -31 10 -24 15 -30 -22 48 40 21 -2 -5 2 24 -22 41 -33 -6 24 16 -45 38 6 -20 8 18 11 -21 -8 10 32 -7 -12 42 2 38 32 -14 -19 32 9 12 37 8 -14 -4 33 36 3 -33 -16 -13 -25 10 16 44 -21 23 -3 39 -7 13 7 34 -2 37 20 17 -41 -5 36 27 -5 18 37 41 -9 0 28 -35 -19 27 13 -10 11 -49 1 -9 7 21 -27 47 -35 33 48 
49 -35 24 -38 -27 -47 4 4 -30 -20 48 -27 26 -5 45 -16 11 13 45 41 -37 29 -38 35 30 -18 -47 -45 -17 9 -12 -21 21 3 20 25 -23 -15 -39 16 4 1 44 -50 -49 26 -5 -24 -31 -32 -36 13 42 -10 -13 -23 48 7 12 -34 3 3 19 -29 -15 31 -42 -11 43 20 4 -37 -25 22 -24 -30 29 27 -22 48 -31 40 -38 -9 -9 23 21 3 12 4 16 -50 -49 -38 41 21 -33 -32 -34 39 
28 35 21 7 -32 37 36 11 -5 48 -11 -14 -27 36 -12 41 38 48 43 -18 37 46 4 -2 17 -46 -46 1 49 -47 15 -33 -24 -22 -44 7 -48 41 -19 -10 9 -14 -13 50 -6 -22 22 38 18 -34 35 26 -22 18 -24 -35 -36 8 -35 -31 -46 20 41 38 22 -1 18 -13 -41 19 30 38 43 17 -17 7 -37 -46 18 -9 43 -31 -19 27 -18 -49 -18 -3 39 -48 -39 6 39 38 -3 -8 3 40 28 13 
39 -19 -19 -50 31 43 -29 40 38 -13 31 -34 -47 -26 -40 -14 3 -27 -35 21 -47 -15 -25 -24 28 -15 46 -20 46 31 3 -32 -13 -17 -30 -7 -4 -48 -5 20 -49 -6 -41 -9 -9 33 11 48 4 27 -34 49 -19 31 20 43 28 -34 -15 -24 20 12 -8 -42 42 -35 13 -14 -2 -13 48 26 -10 -31 -38 -37 -14 -40 4 7 5 -26 -41 -1 29 48 35 13 30 16 34 40 -15 40 42 41 42 49 16 -7 
-27 26 21 -2 -8 14 22 -5 3 15 -7 19 -26 23 -20 -24 46 -45 -7 -7 -23 -5 30 30 -25 -37 38 -38 -31 6 50 29 41 30 28 -36 33 -7 -47 -8 -6 -37 45 -4 -10 -6 37 20 -45 29 -42 44 3 38 -40 -43 20 -25 -25 -35 2 39 25 -23 16 -45 -3 -33 0 13 34 15 -4 41 -15 -12 -35 -38 -50 -40 7 48 -1 15 -34 -10 -27 -32 -9 -2 49 1 -36 0 -25 -37 -33 36 -23 -33 
2 48 26 -6 -20 5 31 -6 46 -16 -42 -27 36 4 47 -39 -47 -31 -24 -2 15 6 -48 -19 -48 -12 -36 45 43 -7 11 -44 -21 49 -9 -20 31 -5 -33 23 25 -18 -30 2 -39 -12 48 8 -35 30 8 -26 -2 -6 36 -7 0 -2 -2 -23 -38 -5 -12 -28 38 -2 -37 -45 21 -16 4 48 10 -26 -30 -11 7 18 5 -13 -22 32 -44 23 20 -23 36 -4 45 28 24 8 12 -39 -33 6 -33 -39 -46 -16 
-8 -15 15 -48 -19 -4 -5 -38 -47 -22 1 -28 -15 -28 38 42 17 24 27 -20 -9 46 -34 2 -8 22 -26 -28 37 -44 -27 -50 14 -50 -8 -5 34 37 -37 45 -39 -39 -28 1 3 -44 -3 -46 20 -29 44 21 -26 9 -46 17 -42 6 42 -16 25 -39 24 9 38 3 -31 30 -4 16 17 -45 -44 -17 43 30 -3 -23 -43 -36 -19 48 -16 16 40 -10 -2 44 -41 -37 4 33 47 39 -8 38 6 -22 -2 50 
34 -40 17 42 40 -3 44 46 6 1 15 6 18 31 46 38 25 6 33 39 7 33 -5 -17 29 -46 30 -16 12 -18 -7 -43 34 -18 35 -9 -21 25 -42 -45 -21 -23 18 41 30 17 -49 3 24 -27 4 -27 -14 -26 32 -41 15 -2 -8 2 -8 -43 15 -31 -47 -21 -14 -14 26 4 8 -5 29 45 13 11 -1 -31 -49 10 48 -46 -16 35 -14 27 -22 26 39 17 -25 -36 14 -27 8 -5 -2 23 -26 46 
-17 -33 -36 -18 31 48 -31 -29 -9 -9 30 -23 28 -11 24 23 -8 3 9 3 -8 4 46 2 -30 -40 47 -5 -37 21 -29 28 7 37 16 -20 42 -11 9 20 47 19 17 -29 -41 -39 31 -36 -20 -42 41 24 -18 21 24 31 16 -49 -5 -29 25 -13 10 -32 48 44 26 13 -1 15 43 -2 -6 -17 -44 5 14 -35 -24 44 4 41 27 6 -50 9 1 3 30 46 36 49 4 -35 -6 13 14 42 -21 24 
44 28 -20 7 32 1 27 -29 42 40 -30 -29 -24 -16 -9 19 -26 28 -20 49 -42 41 -45 21 32 17 -29 10 11 34 -4 12 -45 9 33 4 -29 22 -3 6 -11 17 14 -47 -32 26 14 -12 -22 -24 -42 -15 16 39 36 4 -45 44 -32 -13 -23 34 -9 12 37 28 45 29 21 43 43 12 -7 33 29 -32 -22 -1 30 35 -45 6 34 -29 -40 -22 -32 -49 -33 -15 -34 -48 -48 5 18 25 -4 44 24 -30 
-44 -1 48 7 15 16 -28 -12 -40 9 11 39 -12 27 20 19 4 -28 8 7 -3 40 -6 -34 36 -24 19 -35 -39 -28 33 -5 -26 47 -7 -36 7 -17 -36 24 -33 -42 14 -11 3 48 -27 21 0 -31 -34 -26 -33 32 -36 -45 -31 -39 -42 -34 30 25 -27 -2 40 32 -15 -46 -28 33 -3 34 -43 -28 -40 -25 -36 -41 0 -13 -10 -44 -1 -26 19 16 25 32 -44 -3 41 -39 31 -43 -6 43 -13 45 32 39 
6 37 21 33 -11 44 -23 -5 43 -23 -8 -35 -30 50 46 45 -48 -20 -10 -35 33 -1 -5 37 22 37 -37 12 16 5 -3 8 49 16 -8 34 44 -20 -45 -38 -28 37 -5 -12 -25 35 43 -9 42 -42 -41 -47 32 -17 -7 -26 -33 -48 13 -5 23 -35 33 -19 -42 40 32 -4 5 -34 17 -14 21 21 -9 3 -6 1 -32 6 -21 -43 26 -40 -12 -36 -19 27 35 -10 45 30 18 -39 2 17 -19 -15 8 16 
27 -23 3 4 30 5 38 28 9 -39 -39 14 -11 -27 -45 9 -3 46 -50 -48 24 18 44 -16 17 -9 -8 -12 37 -15 -37 -36 7 7 -8 -11 47 12 14 -31 -15 -27 19 -3 -7 -40 -33 47 -6 2 8 44 -12 -18 22 21 28 48 -29 -1 -30 -2 23 -49 -23 13 11 -24 -1 5 -7 -9 -3 -40 30 -27 6 -42 -1 -5 33 4 -22 -24 -16 1 26 -24 -1 40 -17 -18 -49 24 -10 -3 -28 -20 -36 -31 
-28 -26 -9 36 -18 39 -39 -6 13 -30 -12 50 -1 -2 21 6 38 21 -12 -5 11 34 25 -5 -45 31 41 15 -29 -48 50 16 -19 17 -23 39 -7 -42 -46 -35 38 49 -6 31 -1 -36 -30 -42 24 -34 -25 22 18 -9 -42 45 1 -16 -31 -9 13 -18 16 26 -10 -9 -9 39 40 -23 -25 -19 31 -42 4 -46 19 15 27 10 -44 39 -1 -27 -29 -43 -19 -42 -9 -14 -25 -22 46 -26 -30 8 -9 -10 38 9 
-25 -45 31 42 46 1 -25 -22 6 -13 -33 1 -1 -17 2 -45 5 45 36 -12 40 25 -15 -30 -23 37 -9 30 -15 34 3 -21 17 0 -46 35 41 49 -15 50 -10 12 31 38 -12 -28 49 26 -38 42 36 -15 -50 -14 -17 4 29 -41 39 -47 -4 13 47 49 -36 2 3 45 47 4 -22 -19 29 23 -29 -44 -45 -45 2 -2 -1 23 -26 -5 17 37 47 -46 -28 31 20 12 -36 9 -47 -34 -36 -23 -30 -17 
8 10 -16 5 -49 19 -22 41 -35 -32 46 43 -27 -38 16 50 30 -35 -41 31 -9 -43 46 5 -27 -25 35 45 44 16 -40 14 12 -24 -17 9 -20 3 14 20 -13 8 37 22 22 -27 -23 0 -32 10 -6 -45 -48 -42 -28 33 -13 -31 -32 18 48 -50 48 -26 24 -14 -44 -7 -4 -22 -50 -14 -14 -23 -18 -32 12 -32 25 -44 10 -4 -36 3 16 5 -22 5 -22 -31 22 40 -27 48 -10 43 36 34 -35 49 
36 -43 49 45 20 -3 30 45 6 -43 3 -41 -17 20 44 -2 28 10 49 46 -44 37 -43 1 41 2 42 33 13 -49 -33 -19 -50 47 8 -10 -35 43 -11 -42 0 -25 -5 24 24 18 -36 -22 49 1 14 40 1 -39 -16 -3 33 -9 31 -21 23 -33 36 -22 -31 -8 -5 -23 12 29 6 -39 -29 37 24 -9 13 11 -20 48 44 14 -41 -16 -38 29 10 -17 -35 -15 -40 19 8 22 14 -21 17 -48 29 -25 
-45 -26 -9 8 -1 -4 -28 26 22 -43 -30 -44 -46 48 25 -40 29 -1 -49 41 26 46 -29 -36 43 29 16 6 -23 2 35 18 -35 -13 -4 -26 13 -11 -25 -30 -39 16 47 47 -34 -36 32 25 -22 -26 40 2 9 41 0 21 -32 -15 36 32 -6 -35 44 12 -16 -11 21 -45 7 -6 40 -2 -18 38 -23 50 -16 -38 2 -5 -22 31 -45 23 10 22 41 -39 9 2 40 31 17 -13 -41 -45 -3 21 -32 -22 
-8 13 15 -3 10 36 11 6 -46 36 -17 -34 -7 -30 -29 23 13 -35 -19 -5 49 -48 14 28 -7 37 -8 -11 8 -30 -50 3 -31 -38 -13 15 39 13 13 -2 -49 11 -43 47 0 44 5 -24 -30 -1 -46 46 7 -4 -3 -33 -4 44 -25 -27 35 21 -40 44 44 28 44 19 -29 -2 -43 -45 39 -44 13 -25 42 -31 17 -16 8 -29 -4 8 50 47 19 -1 27 41 -30 -46 -9 -23 -21 0 32 37 4 -40 
46 -12 -33 -48 18 -46 -47 -41 4 -27 -29 6 3 -46 -30 -35 -15 -5 17 -30 4 -47 -1 46 37 -44 -1 -24 -16 -16 20 -28 3 18 35 41 -7 2 37 4 21 -11 16 -35 49 -8 0 26 35 26 5 32 -10 -15 -43 44 46 29 16 -23 21 39 -47 -20 13 -41 -8 45 44 21 -6 -21 -35 -12 -19 28 -22 -26 10 20 16 28 49 32 -44 3 32 17 -43 37 -46 -6 -48 -11 30 16 23 -38 27 -33 
0 21 -46 8 28 -1 -12 -33 -18 -7 38 -49 48 16 -42 -35 -3 -38 -28 18 -34 -3 0 44 -12 14 -23 -29 15 -32 32 8 -45 -40 -21 31 8 25 -5 -45 39 -14 26 32 24 40 -1 -40 30 17 45 -42 -15 -9 23 -31 46 46 -10 0 -2 -29 41 -26 -45 -43 2 24 -48 14 -14 35 46 -43 -20 -19 41 6 38 -28 -38 -31 18 23 -22 37 49 -9 -28 -32 -23 4 -31 -13 14 33 -10 -17 -47 -5 
-37 -5 -38 -28 -33 -3 40 -7 -11 -40 -35 35 4 -2 24 -39 -18 -18 43 40 21 23 -48 25 36 37 3 37 -21 -34 -42 -5 35 36 -9 -41 9 33 -33 0 37 35 25 -39 -17 -50 -27 22 23 -35 17 12 -21 17 -44 20 -28 -9 -1 -28 -15 48 37 32 30 47 -17 -48 18 24 35 -43 -13 -6 12 36 13 27 26 26 -9 20 -23 -15 -15 -34 36 -48 -4 39 -6 16 -26 -21 -37 28 4 40 36 -34 
6 -33 -3 39 -30 -39 20 27 44 1 33 12 35 6 19 -32 -21 45 10 16 -40 -26 11 -9 31 50 -40 8 40 10 -29 -7 -33 30 -33 7 -2 13 -49 -7 33 20 31 47 -15 -30 -1 3 -23 -9 -28 16 -28 9 -31 -11 -42 -2 9 -10 -31 14 12 -48 8 -31 -28 -34 46 -40 -46 20 -30 -43 -12 -23 39 44 -33 -6 19 -14 20 30 36 -33 -24 -46 37 -14 -6 -19 -26 27 27 -20 41 47 -36 39 
-13 42 -2 15 0 6 -11 -2 -37 38 0 -31 -4 -46 -5 -1 2 22 29 49 -12 -23 -5 38 39 -24 41 -36 48 13 2 -48 -5 -4 32 50 -49 -45 40 45 19 4 -31 0 41 -9 -11 14 -12 -9 21 -17 3 4 -21 18 -22 35 -5 13 30 19 -14 -7 -17 -7 36 -34 -45 32 -23 33 25 -9 -13 -12 -4 -18 37 18 -14 18 21 26 8 29 -22 36 -26 4 -21 -39 -9 -23 27 -12 -24 -8 36 41 
-32 -31 -7 23 44 -12 -13 10 33 -18 0 -13 -2 -1 -39 40 44 -31 -28 24 -46 -30 -35 -25 40 -16 -49 7 47 -28 -9 38 -34 -27 -16 -49 20 -7 11 18 -34 48 35 48 37 -3 42 40 -18 6 -16 -47 2 -14 34 -1 44 -2 -16 -7 50 -22 -9 -10 31 -39 4 -14 -18 -34 -27 -36 3 -21 -11 -19 7 -5 -10 -35 -21 45 40 -5 3 -6 -25 29 -6 -49 -38 39 39 -14 48 20 -6 22 45 -15 
-50 34 19 -42 -35 18 45 -28 -30 45 34 -14 24 -30 43 -2 37 -13 36 -25 -21 48 30 9 30 -30 -37 -41 26 -26 36 -13 4 2 -25 40 -43 20 49 -43 17 16 -15 10 -45 26 -6 15 39 -25 -15 4 -41 -35 -46 27 -18 -2 -14 -7 -47 9 35 -17 -3 29 -16 19 -22 25 28 9 -27 41 5 14 9 43 -15 42 -4 31 2 -34 33 -41 0 15 -11 -33 -45 7 -6 -4 40 32 -8 -4 -13 7 
-27 -42 39 24 -10 -4 37 29 46 11 -18 23 -37 -47 12 -43 -23 -39 28 42 50 3 -36 -39 -15 -49 25 -44 42 -42 -27 9 -44 -36 43 44 -26 17 47 25 -19 23 -22 -15 -46 50 20 27 -28 -12 -27 36 -11 -8 -45 0 9 -1 -10 -22 25 -32 2 43 48 -41 -45 23 -26 0 -28 -27 26 24 47 -23 -49 -28 -2 29 -32 -49 28 3 26 -48 -3 20 25 -3 3 25 26 -42 1 46 -34 30 -21 6 
-43 -39 2 -17 -27 -4 -34 11 27 31 49 45 22 24 20 33 20 -40 19 -23 27 -17 -15 40 -12 50 7 47 -35 -48 33 43 -2 -11 38 30 -24 24 37 12 28 -1 -2 32 38 -13 45 25 47 -9 47 15 -19 -44 -22 -12 20 -33 31 -13 38 13 28 19 43 41 -15 9 15 24 -34 32 -45 44 -50 -22 -42 -29 -5 -26 33 2 45 15 0 -17 -4 8 49 43 5 8 -42 47 1 -32 37 39 -8 -7 
-26 -35 2 36 20 -27 -17 26 -47 1 28 -25 31 24 -25 -11 -39 36 -14 -49 36 46 -46 48 -47 -28 16 -37 -35 -20 -38 14 25 -1 -43 -20 43 31 28 41 0 1 4 -2 -25 -43 31 1 6 20 17 3 -16 -33 -38 -45 -9 46 -23 -33 0 18 5 -14 49 33 32 45 -22 -28 39 -33 -26 22 30 7 43 -16 26 47 32 45 42 -12 -39 -21 -14 -14 -47 11 5 -43 39 39 -3 4 20 42 24 32 
-9 -41 32 16 -16 0 13 -20 35 -37 43 9 -8 18 -29 -47 12 -15 29 -3 -47 22 39 -3 35 -26 -9 14 29 -43 50 -6 -32 -47 42 -6 20 42 17 -21 -29 8 3 -42 47 -26 46 11 14 30 -48 15 -26 29 18 -33 -47 35 47 -19 29 -45 -49 -37 6 49 -39 7 -40 20 -3 -13 32 26 -29 -25 -42 -46 -4 -35 12 9 16 17 -29 -17 -36 25 -22 -50 -43 -48 37 -18 3 32 15 41 6 -49 
23 -46 12 36 6 43 -28 15 -1 -33 -10 19 -11 -10 -27 -20 -7 -2 2 -11 16 33 43 48 -24 -38 11 -50 -6 -10 10 -45 -22 40 -20 14 -21 -25 7 -46 22 34 6 39 -26 -48 49 -31 -1 47 5 50 -3 -23 -45 -43 11 -10 14 17 47 -4 -13 -8 31 -26 32 18 31 27 -19 39 33 37 -49 -35 -41 -18 -34 14 -9 19 12 -5 -19 -34 27 46 -50 25 -7 -50 34 3 41 20 19 -1 -2 -26 
-37 10 22 13 43 47 50 30 -11 28 -38 -30 -24 26 13 3 -4 -38 -36 49 -48 45 2 -10 8 27 -35 16 -1 -25 27 -31 21 1 6 -50 -8 12 -22 -33 -11 31 -3 40 1 41 35 12 -41 -11 25 -15 36 -47 17 27 18 -47 11 -37 -41 -37 -1 -24 -30 -22 45 8 -40 30 -6 -47 -10 -19 -31 -45 -31 13 -14 -7 -8 -19 -20 -12 -15 37 -4 -26 35 27 -41 19 -40 39 26 10 -4 -44 -6 -9 
-37 24 9 -12 -8 -20 -22 17 20 2 -9 42 0 14 -3 42 -18 -19 -40 -32 -7 22 -2 -10 -25 2 28 20 -28 34 35 15 -34 -49 -28 -25 46 30 21 31 -2 -6 38 49 32 -2 -15 -9 1 11 3 -18 -30 25 25 -46 -37 49 -37 -27 26 8 -20 -23 5 -1 -24 -17 -25 40 46 15 31 -29 -24 33 42 4 41 34 -38 -38 -30 -40 -10 -3 32 14 40 -19 -22 -42 37 7 -43 38 -15 -23 30 30 
21 -50 -16 20 6 37 -10 14 35 21 10 -30 -26 49 47 29 -2 -37 42 -42 15 49 44 1 -32 -16 42 -47 -32 29 21 3 -44 43 -41 10 -25 -41 49 6 -25 -34 -40 7 10 27 -23 37 36 41 -10 -26 -7 -9 19 -31 46 18 6 -5 -14 43 -39 -35 -48 20 1 -8 9 7 -10 -40 47 7 13 27 -15 -13 -29 -26 -17 -4 1 -15 -1 0 1 -31 39 -21 14 1 17 -5 18 -27 39 4 -5 -50 
45 -18 8 -20 3 -18 6 -37 27 41 13 27 36 -19 46 -39 -43 -23 43 29 -27 -7 -50 -18 -34 47 1 -32 -20 -1 -33 -26 -45 47 -22 -45 42 -12 25 -24 -29 31 -49 -50 32 -9 -27 -41 47 -44 -42 38 -21 -20 -17 6 32 1 -26 -42 -46 47 20 -28 -9 -12 -24 17 -35 41 3 5 18 -11 -10 12 39 48 37 -35 -26 17 -50 4 -11 44 11 5 4 -26 45 47 28 -29 27 -17 -12 12 44 11 
-8 15 -5 -22 3 -45 -44 33 -41 -46 -43 13 26 -45 18 31 35 -46 14 47 -41 25 5 -8 44 -43 -47 -48 -22 9 -48 -1 48 21 37 -17 13 41 10 -28 -4 23 -16 -7 -6 -11 -45 -23 -50 -25 -44 23 -12 -15 20 12 -36 -29 13 -38 -38 7 44 18 -10 -13 13 -12 -31 36 -25 12 22 43 48 25 41 -48 31 31 21 -37 43 44 -4 29 -32 25 -41 22 -43 -5 4 -21 38 -41 -11 11 -45 -41 
-42 13 28 -45 6 -3 17 -30 -6 -25 25 -27 -37 31 -48 1 -25 50 13 -50 -8 42 3 33 11 -23 -42 -47 -5 21 25 -49 -35 -21 11 -41 -33 -1 -4 21 6 25 27 -11 -32 -14 46 -1 19 20 19 -49 -38 -47 -37 -9 -33 47 5 23 -45 2 -22 30 13 -16 -18 44 -46 -33 -31 30 37 45 23 17 1 -7 -18 35 -24 -33 -42 37 -14 12 -36 5 29 32 8 12 12 -1 48 -36 9 15 29 -4 
49 -19 -23 11 -37 -25 -35 11 34 21 11 -36 26 -6 23 34 -13 -12 -18 0 -30 -3 19 -13 16 -47 20 49 3 -7 -40 -33 -25 43 42 16 -22 -17 -31 16 -28 14 -36 23 38 -38 36 30 -45 -5 -50 -41 -19 15 4 29 -36 -40 8 -33 -20 10 -29 40 -29 29 -43 -21 43 -12 2 -5 12 7 43 49 -14 -28 -4 18 7 -1 -1 21 25 -2 9 -43 -44 42 -50 1 -9 -7 2 13 -4 12 -26 -19 
41 35 -3 0 8 -9 18 6 -43 26 2 37 -7 -5 43 -8 -33 20 10 27 -45 -35 -4 -20 -1 27 -47 -36 -49 28 44 32 14 -9 35 19 19 23 29 33 -22 50 45 9 -28 39 2 2 26 -2 21 4 -17 18 -42 39 -16 40 35 0 13 49 27 38 -16 -35 46 -10 8 49 18 -33 21 -10 49 -27 -19 -8 42 47 43 50 44 39 -28 -45 41 -25 0 43 -28 -1 0 17 -22 35 -8 -29 49 -8 
37 23 41 -36 48 33 -48 24 1 29 -11 -41 27 -1 6 -13 -35 -15 20 -35 47 -2 -10 25 36 -2 -34 21 -32 -11 41 40 -32 27 -20 -1 19 -47 7 -45 -34 19 -22 -18 -16 11 3 -14 12 -20 2 -30 48 48 45 -8 31 16 -16 41 -7 -15 -24 25 -26 -30 -33 18 -42 9 -49 -19 -48 -44 -11 3 41 42 -26 -35 -1 -20 2 -6 -33 -38 21 -48 -3 -17 41 28 23 42 -1 28 18 50 12 -43 
0 2 47 17 44 27 36 -24 16 -34 -25 -50 -20 32 42 50 1 11 24 -20 -30 -18 18 -27 48 -8 46 45 -16 -32 37 -4 4 -41 47 -50 49 -6 -31 16 50 -22 -46 26 3 -1 -43 -44 -13 -15 22 13 -5 43 -45 -50 -13 -39 -43 25 -16 17 47 10 46 -24 -26 -9 -37 30 -17 -21 22 -33 44 -3 29 9 16 -28 -16 26 -39 49 29 -34 -50 -45 -48 20 -32 11 -36 41 15 28 24 20 0 -27 
0 27 23 -6 43 27 -36 -34 -41 37 -26 12 18 21 -41 9 34 7 13 23 1 -47 49 -20 -17 37 26 -18 -5 10 14 -25 -50 -19 1 28 -18 15 -49 12 -46 -8 -4 -42 -48 28 -43 14 3 -43 -27 12 44 27 41 11 6 -48 20 -41 -10 22 -44 -18 33 -40 12 44 -14 -8 29 9 -2 25 23 -11 17 26 4 -23 1 1 37 -19 -4 -45 42 -11 13 -10 -11 14 -35 -12 7 -39 -18 -49 10 -26 
0 -7 28 46 11 20 34 -21 7 9 2 -48 -7 21 -20 34 -43 6 -46 6 -33 48 1 -39 28 -28 -13 39 -21 11 6 -47 32 26 14 28 -21 -27 4 15 -27 -2 -28 -10 -12 -46 19 -38 -19 -19 -25 2 9 -7 39 34 28 31 -44 0 -10 -2 29 -34 41 -50 48 -47 26 47 17 -37 17 -27 4 -10 -20 -10 29 -40 -13 25 -2 39 5 24 3 -22 18 37 -19 2 32 40 36 25 47 15 -42 -28 
50 -34 18 -8 2 16 15 -18 -7 46 15 40 15 43 8 -45 -42 -34 -45 5 9 -20 -4 -35 13 45 -27 31 -33 10 -32 14 45 23 40 34 39 42 -46 41 -5 -47 49 16 50 9 -23 23 7 -49 18 49 28 17 -26 38 -24 -14 -13 -26 10 -14 27 48 40 -22 1 3 42 -50 31 -25 39 -15 -21 16 -19 40 35 17 -5 -32 -2 6 21 14 37 0 31 13 21 -9 31 -13 -29 25 49 -14 -50 -25 
7 27 -10 -4 -8 14 -33 8 0 -50 -42 -26 -48 -2 15 11 -31 -16 -19 -36 3 -30 -29 -7 28 -35 -20 -26 -50 0 -33 42 4 19 -20 5 -36 -3 -20 36 3 -23 20 -31 -34 -50 18 -18 43 -34 31 -9 -34 -19 -18 13 -6 8 37 4 36 -16 -35 -40 23 -26 16 -33 -12 38 0 35 -8 -3 -15 27 7 -7 24 46 -12 -11 39 -31 43 12 -41 34 -46 -6 -16 27 -3 43 -5 2 -48 -19 29 3 
-4 -3 -39 22 8 34 50 -1 10 -10 -10 -7 42 -11 48 21 -17 29 3 -5 39 -15 -44 -47 -40 -50 -24 14 -47 -46 20 -23 -23 33 -42 38 -41 45 -49 43 -37 31 -50 -25 39 4 -4 0 38 6 34 28 -37 40 47 47 2 -41 35 29 -2 -10 46 -1 12 30 -12 -26 45 9 45 -36 -45 19 -45 -39 31 -22 31 42 -25 43 29 -11 27 -41 -13 29 8 -16 0 -50 -29 1 40 43 -30 -6 23 -48 
25 -8 -4 -4 -44 -6 -33 -3 34 30 -38 -35 -24 39 46 -8 29 -17 30 -25 45 -35 -31 -48 1 -28 -6 44 -6 -39 3 -21 48 49 -32 48 -28 6 -29 -5 35 -10 -14 31 -48 -38 12 28 -48 13 23 10 -47 14 46 -24 -1 -34 40 -12 38 3 -7 -49 47 11 25 -40 10 36 4 -49 45 -7 47 -8 -21 13 29 -26 0 29 29 24 -3 -14 -46 29 8 47 -27 2 41 35 3 -3 16 -31 5 30 
38 23 -48 20 2 -23 7 28 -2 1 -25 12 25 12 -26 26 -24 1 45 28 43 -29 -33 46 33 -43 -45 -26 -32 -6 20 -40 -48 -48 -24 42 -50 18 37 -39 -25 11 22 -39 -43 -43 -10 3 -13 36 2 -25 12 -27 10 29 43 19 39 -43 6 26 -44 46 6 -1 18 11 34 28 27 -27 -19 27 -46 44 34 -6 46 47 -10 49 -9 -43 -32 -12 40 -14 -34 4 14 30 22 -22 15 -7 -25 14 -2 -46 
0 42 -14 50 -35 -4 -32 35 -8 35 43 -47 23 -34 22 41 36 -30 -50 39 44 -38 -45 -29 -2 -7 -47 -15 -37 -31 -23 19 -35 -26 -35 -29 -10 -35 38 -43 7 -50 -31 -4 -18 -40 1 -32 -19 -25 42 29 -22 27 -10 1 -6 37 50 3 -5 7 -50 -26 -33 33 3 10 -44 -45 -47 -45 14 10 37 -6 41 17 24 18 3 1 -1 14 -26 5 -35 47 28 -37 27 -16 15 45 35 0 -2 -49 -6 -27 
-28 -48 -20 40 -41 -29 -28 -33 -2 -48 28 7 36 50 -14 -20 15 -22 -43 2 -32 42 3 49 -43 -18 24 -5 -31 5 13 -29 -38 -5 -9 -8 9 31 43 -48 50 28 -40 -21 -16 -37 -5 38 14 35 -45 -13 45 36 8 -28 -26 -50 49 14 -43 11 -39 -40 18 -12 26 -35 36 15 -15 -12 21 13 -11 -6 20 -25 -20 42 31 -14 -23 -11 28 32 -20 40 -26 10 34 44 9 -10 42 42 -36 26 13 -38 
-22 8 -5 8 23 29 45 -7 -15 -10 -29 24 23 -24 48 -46 9 6 -12 -25 -39 -48 -26 -47 -7 -12 7 -15 29 48 -16 23 45 -35 11 -37 -25 -36 -13 24 19 -26 -37 -12 17 28 -18 -6 -33 40 -42 -38 -7 6 -34 -2 25 -18 -9 12 45 -16 -34 37 -31 -28 15 -2 -5 -44 19 11 -31 29 32 42 26 -1 17 -35 2 22 31 -43 -25 22 33 -43 2 -16 -21 -37 -29 -6 -37 1 26 40 -23 4 
18 -35 27 15 9 11 19 -48 38 9 8 16 10 7 -7 -18 12 -19 -2 6 9 31 15 6 7 -42 -20 43 -17 -42 -41 14 -23 -26 6 -25 4 43 26 50 -34 6 -44 -10 22 -49 15 6 38 37 29 36 44 3 -6 21 18 -12 -2 4 -35 37 -36 18 35 -11 -35 -36 48 -10 -32 -43 29 -39 9 -6 18 -47 -22 -23 4 -18 -12 43 -34 -15 -1 -36 -47 34 0 49 0 48 -4 -49 -10 -37 -48 -33 
-4 -38 15 10 -38 47 13 -27 1 1 41 13 32 27 14 -13 -35 -19 45 23 -30 -4 -6 -7 -41 44 3 -20 -16 -36 42 -20 45 -9 -47 -46 10 -20 12 0 15 -37 -44 36 41 -44 21 30 7 5 44 -12 50 3 -2 -14 -31 20 -22 17 16 27 -41 -8 -33 25 -38 40 9 -22 -8 -49 -16 23 -3 -34 -37 34 -12 -7 28 -15 -50 -14 12 -17 31 23 -27 -47 14 -17 3 25 31 -30 12 -33 32 25 
0 21 48 -26 -32 -16 5 -16 22 1 34 6 26 46 -32 -48 18 -17 -39 -28 1 12 21 -47 31 7 33 44 -41 -36 -21 9 43 -23 -23 -22 32 49 42 40 48 42 -23 1 -14 47 -2 -27 -49 -9 8 35 -8 -32 0 8 -15 -11 18 4 24 14 29 21 -33 39 1 -46 11 3 -12 -34 43 -23 21 36 -30 -30 -20 35 -10 -46 -5 -36 3 31 -19 -38 10 -48 36 24 3 -41 9 -26 13 41 -42 35 
37 45 18 25 -45 -28 -29 -21 -19 -15 24 -24 -13 -28 40 13 -37 16 -45 43 29 -46 40 42 -26 25 11 -30 -2 -31 37 -23 21 -24 -19 36 43 50 33 33 -6 -12 41 49 24 0 10 17 40 -9 33 -21 -26 -2 4 18 31 -18 15 -22 -37 21 10 -20 28 -35 1 -5 -38 27 25 3 42 -38 38 -17 13 -2 -15 11 26 26 -7 -5 15 -33 -6 -36 -22 -27 -46 2 31 50 35 38 -46 -40 31 34 
-17 37 -16 1 -24 28 35 20 -30 -37 14 -23 -47 -30 31 27 43 24 29 21 33 29 -8 -20 28 -7 -15 15 1 -49 -9 31 -34 -43 -33 37 -34 -21 -9 29 14 0 -13 -40 8 42 13 -28 47 -40 19 -32 -43 17 -2 -26 -24 -23 -46 -25 -27 -17 34 -47 -41 -16 -34 42 -43 -11 -40 25 41 -32 -33 -19 14 -27 -37 -45 29 -46 -20 33 -48 -30 0 -18 9 11 -27 -5 49 -1 48 -33 22 29 -33 19 
-50 32 -43 7 23 50 -30 -49 23 49 -4 31 37 3 -15 -17 15 -24 39 -6 7 21 -22 -27 8 -38 -35 14 -23 -44 -39 -8 48 48 -29 -3 -26 -16 -8 -11 46 -29 28 -43 -26 33 -34 -24 50 17 39 15 -17 -2 47 -17 -9 18 -9 44 -10 -43 -6 43 2 -25 24 -1 35 -12 -42 38 -13 13 19 -16 -34 -9 -6 30 14 10 38 -32 -22 37 -4 -38 32 -50 -23 -26 38 26 37 -47 -20 42 -5 -14 
48 9 40 -33 50 -35 48 -46 10 21 46 22 32 11 -14 41 -42 11 -17 -42 -32 -9 49 -37 43 42 18 -31 -43 43 -6 -22 12 32 1 44 -38 -3 9 14 -2 -15 -24 -28 38 8 -41 17 -17 -20 34 38 -11 -22 -16 22 7 9 39 -7 -8 -18 49 -2 -25 -27 -48 -1 17 46 -13 36 25 22 2 3 -22 -33 -10 17 -20 -32 -8 -26 -47 17 -6 -27 -23 26 41 41 -9 -13 4 0 -30 -26 -17 28 
29 -38 15 -10 -24 -26 43 -21 -16 27 -25 41 16 -29 -25 19 -13 32 32 -15 -44 36 -40 50 -26 40 -33 -1 -36 -48 -2 14 46 -33 -35 29 27 -16 3 -26 -21 1 -45 39 -49 -38 27 14 -50 28 13 -5 48 -47 -25 33 -31 -47 35 -10 -6 42 35 26 -31 6 19 -41 47 -31 -1 39 -10 -34 -33 25 -17 -35 -39 26 -21 -24 49 29 32 -27 29 -17 40 27 -17 -25 9 -41 23 0 2 -1 7 30 
-14 -21 31 31 10 -13 4 23 -47 45 -4 49 -42 43 0 -11 -9 -34 -22 0 33 50 42 32 2 -39 21 38 -46 -46 1 -32 -9 50 35 41 -40 -15 -35 50 -32 49 -9 -42 4 23 -17 -31 -10 -13 6 42 -26 -25 41 47 29 -22 49 -23 14 33 3 -45 -21 -40 -12 -10 14 48 7 -40 -13 1 16 49 31 -29 35 35 -31 23 -25 -39 -30 40 -47 -34 22 -25 39 17 13 -19 -6 29 10 42 -40 -11 
13 -23 45 26 6 14 4 27 46 -48 49 47 -2 34 16 -24 -38 -18 -24 46 -36 9 -45 -24 19 49 -37 -23 -44 -49 15 37 41 45 -37 36 50 -28 16 23 25 -46 -26 -24 -23 13 -2 43 -9 0 -15 34 -50 -39 44 -15 19 20 -35 23 39 -15 -23 -24 18 6 -19 10 -23 -20 -21 21 27 40 25 -44 19 -36 -18 19 -21 -31 46 31 -12 36 -3 -35 16 -3 -49 20 -24 12 40 -16 -18 46 -19 -9 
-38 2 -34 12 -19 19 -19 22 15 45 19 -41 47 44 -32 -45 44 -14 16 11 16 45 -2 10 0 -13 -16 39 0 25 -16 -16 26 -12 46 -40 20 2 -40 32 46 29 -4 7 23 33 -12 48 -39 -38 22 37 -7 30 26 1 18 28 -24 -46 5 -32 36 -5 -45 -32 -13 -46 7 -23 -44 -43 34 20 49 -28 -29 -13 -39 -10 28 -26 48 -37 47 23 -16 -30 -19 -23 12 -2 -36 -44 39 11 -32 23 36 -10 
45 6 38 -44 26 44 -42 41 11 -20 16 22 -43 45 27 -20 46 -25 19 -31 24 -17 -27 -44 -23 -22 -47 -18 22 22 -15 -9 -45 40 -19 2 -50 3 39 48 -40 49 50 5 34 -36 -7 -19 4 28 -20 33 31 35 -10 -24 29 16 -6 16 -49 34 33 -29 -50 -13 14 47 -13 -35 28 -46 12 -14 49 -2 -37 38 -44 -5 -21 -48 43 -8 -19 3 -15 26 25 24 43 39 7 -22 -3 -27 32 -46 16 34 
-11 50 -42 -37 -37 29 -40 -2 26 5 -21 3 17 -43 43 34 50 -45 3 29 -10 9 -37 -48 -7 -32 6 45 -34 -10 48 35 36 22 13 8 43 20 -26 -1 -25 12 -12 38 35 27 5 35 -32 27 -23 -46 -6 -44 -49 18 13 -18 29 24 -12 -36 -15 -32 46 -40 48 21 39 35 42 -9 -15 -10 24 1 -24 2 0 48 -14 12 -16 9 -27 -43 23 37 29 37 -9 27 33 16 38 31 42 19 10 46 
-21 0 -31 -45 -41 31 14 5 -14 24 20 47 -7 -15 49 -4 -19 -6 11 -19 8 -22 -31 -7 -13 1 -29 13 -28 -29 -10 -19 -42 37 -31 23 16 39 -31 -35 16 8 18 -18 -46 -20 -45 -21 47 37 -49 -40 -35 16 30 -33 -46 17 35 17 15 43 7 18 41 3 -12 47 -35 -24 -45 -18 30 9 -22 42 24 19 -29 -22 33 -28 -19 14 -41 39 -47 -22 2 46 30 28 19 19 38 38 40 1 3 -15 
-30 39 -33 9 -22 21 16 36 37 -24 -33 -44 49 49 -31 24 43 -5 -22 -11 -35 -45 -40 30 -27 26 34 -8 26 34 -21 25 -7 -40 -25 26 -47 -8 -45 -27 22 -9 14 1 44 -36 17 5 12 17 -50 -23 22 -24 -39 8 0 11 1 47 -46 34 -27 15 -20 -46 49 -34 -21 -4 25 -18 -49 -33 0 -9 25 -41 -9 46 46 20 -13 -9 -47 -5 -36 -5 37 31 -41 29 -16 -37 13 2 10 -9 18 -10 
-45 -35 33 -7 50 5 -13 -50 -20 5 19 34 -38 27 20 -41 -40 -17 44 -40 -35 -47 0 -5 -24 30 18 -7 47 -17 -26 -14 -50 -8 37 15 -31 13 -7 -27 12 -36 -45 -42 -20 -22 45 -43 -41 47 11 39 -6 -42 33 -27 -12 21 -33 13 17 -1 -34 41 -34 31 20 25 35 30 25 8 29 14 -23 -9 -6 -49 46 2 49 33 -26 43 38 -40 -20 -17 -7 45 -10 -11 -32 -21 -30 -28 -15 21 -25 47 
15 23 -21 26 3 36 47 27 36 -35 -19 33 -9 -34 -45 -39 12 -3 26 42 14 -50 -41 -20 43 4 46 18 11 -29 1 8 24 -34 -11 47 43 15 14 15 20 -45 11 -31 -6 40 -46 -24 -12 40 0 -9 7 30 -5 25 -29 28 27 -29 -20 28 2 28 -49 36 26 -34 -37 4 0 19 49 6 -21 -42 -21 -45 38 44 -12 -12 -28 29 -36 50 8 0 31 -36 -35 -19 -38 4 -41 36 -22 -28 27 -9 
-33 2 21 16 -25 -34 26 -42 0 -8 34 -47 38 -49 -19 15 -47 37 -8 -24 10 -26 16 42 -6 -22 39 -14 42 -45 5 42 50 -16 50 -9 -30 -6 -7 -42 -37 50 18 24 48 34 -11 37 -13 -17 0 11 7 45 -33 -17 6 -37 34 27 43 -9 3 -26 -17 -36 -50 -17 18 -14 12 9 -3 50 -31 -5 23 -28 -38 -8 25 2 -30 10 -50 39 15 14 -45 44 -31 -25 11 0 50 -28 4 -33 43 44 
-7 -45 -45 38 -47 -34 -34 31 -20 48 -15 -47 -35 -46 28 50 28 29 8 32 -13 20 3 -22 -14 -5 25 39 2 45 15 12 20 -22 19 0 14 -38 9 -5 13 40 -15 -43 42 -28 8 11 45 27 -20 -13 -29 2 27 34 35 -28 9 -9 27 27 -45 29 13 -42 -5 -47 32 -47 -27 36 25 -16 -4 37 40 -18 37 -7 40 -32 48 -8 -19 -14 8 -45 30 -36 9 47 3 -33 -24 -38 9 -47 -26 36 
46 -27 -46 -16 34 -15 5 48 17 27 13 -48 2 -12 18 -38 -32 3 -48 48 47 -50 -43 -25 26 -40 42 40 -2 -29 -2 13 47 -31 25 -19 24 31 42 42 49 8 -27 24 26 -50 -19 0 31 34 -12 25 -44 -18 -29 -21 3 35 34 -22 -31 27 -46 -4 -29 -42 1 26 22 -16 42 50 -44 35 -12 -12 48 -21 -33 24 48 39 22 -43 -10 -8 42 -36 -45 -17 26 11 6 -29 -38 15 49 10 -18 40 
-19 -26 -16 -19 2 13 25 40 16 11 -4 -45 -31 -6 17 45 -9 34 -37 7 35 -16 33 -14 18 -30 -40 -40 13 -39 24 34 48 -37 -48 21 6 49 11 24 -20 -18 -47 49 27 -44 2 43 40 -7 37 -28 9 -11 5 -41 -30 27 4 39 -24 -30 23 26 -6 -12 13 -30 10 -1 28 7 -48 45 49 -45 -23 47 43 -2 37 -20 -8 -10 24 -30 -47 -44 -4 10 -50 27 18 37 22 -30 28 -5 -34 22 
-20 17 41 20 -1 -44 18 -7 -18 -24 50 -25 -12 33 4 -49 -1 44 16 5 41 -5 -38 30 -23 -41 33 -9 -32 -21 41 -7 -16 -10 34 38 -6 47 47 23 25 2 -4 -18 -39 43 -38 5 -12 10 -17 38 -16 -48 46 -29 27 -18 -41 -14 -6 -16 -36 3 10 3 17 -6 48 -13 9 25 -41 16 -28 33 -42 40 -34 -48 49 -40 26 -36 -22 40 40 -5 31 -27 -40 4 7 24 31 -26 -28 -28 -34 3 
3 -36 29 25 0 -40 25 34 50 22 -49 40 22 28 7 -35 33 10 -46 46 -30 -49 -42 -32 8 24 -31 -19 16 17 25 43 -39 20 41 15 -47 39 -28 -17 -10 -2 -20 2 46 15 -41 48 33 47 -24 -4 -14 9 -5 -23 -46 42 -22 -15 25 46 -45 -7 29 15 -28 2 -26 6 33 -36 -7 -20 -50 -28 22 10 -45 43 30 33 13 -11 -8 -41 31 30 -3 29 -28 44 6 4 3 11 -17 -7 46 -21 
21 24 -31 29 22 15 -20 -5 39 -14 -44 -34 -2 -42 32 23 -20 31 -3 -36 -39 -42 -3 1 30 -27 35 -31 20 10 -41 12 -13 48 -14 42 43 50 10 2 -26 -34 47 -19 35 -25 23 47 -28 -29 -48 47 43 24 2 17 26 11 -47 -1 -12 3 -8 17 -10 -32 4 -23 -47 7 28 24 48 38 -41 -17 -22 -7 -44 42 7 -26 -22 24 35 -42 49 -38 -13 -29 13 41 41 -36 -12 30 -8 12 24 31 
-26 -43 -40 15 -37 -44 -38 -1 -44 -37 19 -40 9 -26 40 7 -30 -48 -18 5 32 -18 36 34 17 -22 11 -41 -34 46 37 -24 -38 -17 -22 30 16 -15 -33 -39 34 -36 43 -5 21 -14 42 25 -39 21 -2 -5 -13 -8 -35 36 -16 20 -34 -31 38 28 -30 39 -49 -49 -27 -34 49 10 1 17 26 -9 41 49 -34 42 -8 27 7 0 13 -50 40 -49 -18 36 -28 -22 45 1 -29 35 40 37 2 -16 35 -4 
-3 9 -27 38 -19 -7 -25 3 4 -12 -37 -33 -2 25 -15 16 -10 29 -6 42 32 -14 -18 -16 -48 5 1 24 -49 31 -12 -44 -25 41 32 -19 32 -33 -48 22 -46 17 2 -31 -29 35 19 8 7 50 16 -31 -23 15 49 37 -20 -5 -14 -9 -48 27 16 -37 -5 50 40 -17 -36 29 14 8 43 28 0 -3 -14 36 -28 48 -20 -42 49 35 -29 -11 -9 34 3 -21 10 11 44 21 -46 45 -42 14 33 -50 
-36 -4 -4 8 -19 2 -10 47 23 11 35 -27 19 -43 -48 -3 10 9 25 44 21 0 -10 -6 -14 -32 -8 -43 -48 4 49 -46 24 30 28 -10 -1 28 32 -4 -49 -20 -22 -46 5 39 -29 -15 3 3 -37 -8 -12 -3 49 -13 -4 -20 -9 -11 46 44 -44 23 -26 14 39 -27 -3 22 28 -23 31 -2 -39 9 -36 -44 -31 25 -42 -13 47 44 32 -38 -49 4 -21 11 13 -1 -20 18 -2 -25 33 -18 -27 33 
-31 46 -1 -30 -8 -23 16 -46 -21 -4 -43 -26 9 -5 11 23 39 15 2 -12 45 20 -9 -31 -25 40 29 24 6 -34 23 -19 16 -19 44 8 -50 8 22 -25 -39 16 -25 28 45 34 -40 0 32 41 -38 -30 -45 37 -20 -40 -45 9 -19 -32 2 17 -17 -8 -10 -32 50 -23 1 14 13 33 -35 6 47 5 -40 -9 -24 42 -17 -10 46 -43 23 48 34 -39 3 -27 -30 15 -20 21 31 1 35 19 -21 -38 
36 -19 7 -22 5 -15 -49 17 13 22 18 0 -8 -43 7 -33 44 -24 5 -2 27 41 50 -2 6 9 4 0 30 45 -33 -16 39 -18 28 46 30 36 -12 27 19 9 15 -27 -45 -50 21 -2 -36 -21 -38 -41 18 18 -47 3 -11 22 41 -37 48 -46 45 -28 -20 27 3 -46 31 -19 -28 -2 38 47 47 28 19 -30 5 45 40 21 1 -3 -33 29 28 18 27 -13 15 45 49 -42 -41 -3 -1 -46 44 -24 
26 -31 17 39 23 39 -38 20 -8 -2 26 -26 48 -45 39 -41 -19 1 -29 -15 19 -25 30 46 11 32 31 -35 38 -48 -44 7 12 -6 5 -30 35 0 -50 -46 -46 -37 -18 -49 -40 -20 4 -35 23 23 5 -43 10 -17 9 8 17 1 -36 31 -14 49 -3 13 -46 7 25 -36 49 -14 -25 -47 -33 -32 -19 10 -18 39 -49 -33 1 9 -42 -19 15 31 36 37 50 46 3 0 -39 40 40 -36 -27 22 40 30 
